14      6
0       0           0.18        0.34        0.54        0.6
0       0.18        0.34        0.54        0.6         0.74
3       0           0           0           0           0
4       0           0           0           0           0
5       0           -8          -8          -8          -8
6       0           -8          0           0           0
7       30          20          0           0           0
8       30          20          20          40          40
9       -75         -55         -20         -20         -20
10      -75         -55         -55         -35         -35
11      50          35          22          22          22
12      50          35          35          0           -10
13      0           8           8           8           8
14      0           8           0           0           0














//meyti
14      4
0       0           2.14        4.28
0       2.14        4.28        4.5
3       0           0           0
4       0           0           0
5       0           -10         -10
6       0           -10         0
7       35          35          0
8       35          35          90
9       -85         -85         0
10      -85         -85         0
11      55          55          0
12      55          55          30
13      0           10          10
14      0           10          0














//konde :-w
14      5
0       0           0.14        0.3        0.5
0       0.14        0.3         0.5        0.54
3       0           0           0           0
4       0           0           0           0
5       0           -10         -10         -10
6       0           -10         -10         -10
7       35          30          30          40
8       35          30          90          100
9       -85         -60         -50         0
10      -85         -60         -60         100
11      55          40          30          40
12      55          40          -10         -10
13      0           10          10          10
14      0           10          10          10











//1 metr :D
14      5
0       0           0.16        0.32        0.46
0       0.16        0.32        0.46        0.5
3       0           0           0           0
4       0           0           0           0
5       0           -10         -10         -10
6       0           -10         -10         -10
7       35          35          35          30
8       35          35          90          90
9       -85         -85         -85         -70
10      -85         -85         -100        100
11      55          55          55          55
12      55          55          60          -20
13      0           10          10          10
14      0           10          10          10
