14	5
0	0	0.2	0.35	.6
0	0.2	0.35	0.6	1.4
15	-20	-40	-30	0
16	-20	-40	-30	0
7	70	70	70	45
8	70	70	70	45
3	-60	-60	-50	0
4	-60	-60	-50	0
9	0	0	-25	-73
10	0	0	-25     -73
11	40	20	-15	40
12	40	20	-15	40
13	-23	-23	-23	0
14	23	23	23	0




24 7
0   0   0.2  1   1.2   1.5    1.9
0   0.2 1  1.2   1.5   1.9    2.2
1   0   0    0     0     0      0
2   0   0    0     0     0      0
3   0  -40  -40   -35   -20     0
4   0  -40  -40   -35   -20     0
5   0   0    0     0     0      0
6   0   0    0     0     0      0
7   0   100  100   100   60     20
8   0   100  100   100   60     20
9   0  -120 -90   -60   -30    -65
10   0  -120 -90   -60   -30    -65
11  0   65   40    30    10     45
12  0   65   40    30    10     45
13  0  -23  -23   -18   -10     0
14  0   23   23    18    10     0
15  0  -30  -30   -40    0      0
16  0  -30  -30   -40    0      0
17  90   0    0     0     0      0
18 -90   0    0     0     0      0
19  0   0    0     0     0      0
20  0   0    0     0     0      0
21  0   0    0     0     0      0
22  0   0    0     0     0      0






//aalie vali stable nist
14	5
0	0	0.5	0.55	1
0	0.5	0.55	1	1.6
15	-20	-40	-30	0
16	-20	-40	-30	0
7	70	70	100	45
8	70	70	100	45
3	-60	-60	-35	0
4	-60	-60	-35	0
9	0	0	-30	-73
10	0	0	-30     -73
11	40	20	-15	40
12	40	20	-15	40
13	-23	-23	-23	0
14	23	23	23	0











//miofte aghab
18	8
0	0	0.5	0.6	0.9	1.51	1.7	2
0	0.5	0.6	0.9	1.51	1.7	2	2.3
15	-20	-40	-30	0	-25	-90	-90
16	-20	-40	-30	0	-25	-90	-90
7	70	90	100	20	20	25	35
8	70	90	100	20	20	25	35
3	-60	-60	-32	0	0	0	0
4	-60	-60	-32	0	0	0	0
9	0	-30	-70	-40	-65	-75	-85
10	0	-30	-70	-40	-65	-75	-85
11	40	12	12	20	38	50	55
12	40	12	12	20	38	50	55
13	-23	-23	-23	-10	0	0	0
14	23	23	23	10	0	0	0
5	0	0	0	0	0	0	0
6	0	0	0	0	0	0	0
19	0	0	0	0	-30	-90	-90
20	0	0	0	0	30	90	90











// miofte vali style doroste

14	5
0	0	0.5	0.55	0.8
0	0.5	0.55	0.8	2
15	-20	-40	-30	0
16	-20	-40	-30	0
7	70	70	100	0
8	70	70	100	0
3	-60	-60	-35	0
4	-60	-60	-35	0
9	0	0	0	0
10	0	0	0	0
11	40	15	-16	0
12	40	15	-16	0
13	-23	-23	-23	0
14	23	23	23	0


///GOOD
14	5
0	0	0.2	0.35	.45
0	0.2	0.35	0.45	1.1
15	-20	-40	-30	0
16	-20	-40	-30	0
7	70	70	70	45
8	70	70	70	45
3	-60	-60	-45	0
4	-60	-60	-45	0
9	0	0	-20	-73
10	0	0	-20     -73
11	40	20	-15	40
12	40	20	-15	40
13	-23	-23	-23	0
14	23	23	23	0


14	5
0	0	0.2	0.35	.75
0	0.2	0.35	0.65	1.2
15	-20	-40	-30	0
16	-20	-40	-30	0
7	70	70	70	45
8	70	70	70	45
3	-60	-60	-50	0
4	-60	-60	-50	0
9	0	0	-25	-73
10	0	0	-25     -73
11	40	20	-15	40
12	40	20	-15	40
13	-23	-23	-23	0
14	23	23	23	0
