18	5
0	0	0.2	0.4	0.9
0	0.2	0.4	0.9	1.2
7	10	90	90	25
8	10	90	90	25
15	-98	-45	-20	-30
16	-98	-45	-20	-30
9	0	0	-76	-65
10	0	0	-76	-65
11	0	0	-19	30
12	0	0	-19	30
3	0	0	-90	-10
4	0	0	-90	-10
13	0	0	0	-10
14	0	0	0	10
5	0	0	0	0
6	0	0	0	0
19	-90	0	0	-30
20	90	0	0	30



///
18	6
0	0	0.3	0.5	1.0	1.6
0	0.3	0.5	1.0	1.6	1.8
7	10	90	90	25	20
8	10	90	90	25	20
15	-98	-45	-20	-30	-90
16	-98	-45	-20	-30	-90
9	0	0	-70	-65	-65
10	0	0	-70	-65	-65
11	0	0	-19	30	45
12	0	0	-19	30	45
3	0	0	-90	-10	0
4	0	0	-90	-10	0
13	0	0	0	-10	0
14	0	0	0	10	0
5	0	0	0	0	0
6	0	0	0	0	0
19	-90	0	0	-30	-90
20	90	0	0	30	90

18	5
0	0	0.3	0.5	1.0
0	0.3	0.5	1.0	1.4
7	10	90	90	25
8	10	90	90	25
15	-98	-45	-20	-30
16	-98	-45	-20	-30
9	0	0	-70	-65
10	0	0	-70	-65
11	0	0	-19	30
12	0	0	-19	30
3	0	0	-90	-10
4	0	0	-90	-10
13	0	0	0	-10
14	0	0	0	10
5	0	0	0	0
6	0	0	0	0
19	-90	0	0	-30
20	90	0	0	30


18	5
0	0	0.2	0.4	0.9
0	0.2	0.4	0.9	1.0
7	10	90	90	25
8	10	90	90	25
15	-98	-45	-20	-30
16	-98	-45	-20	-30
9	0	0	-76	-65
10	0	0	-76	-65
11	0	0	-19	30
12	0	0	-19	30
3	0	0	-90	-10
4	0	0	-90	-10
13	0	0	0	-10
14	0	0	0	10
5	0	0	0	0
6	0	0	0	0
19	-90	0	0	-30
20	90	0	0	30

///nS
18	5
0	0	0.2	0.5	0.7
0	0.2	0.5	0.7	1.0
7	10	90	90	25
8	10	90	90	25
15	-98	-35	-20	-30
16	-98	-35	-20	-30
9	0	0	-96	-65
10	0	0	-96	-65
11	0	0	-29	30
12	0	0	-29	30
3	0	0	-90	-10
4	0	0	-90	-10
13	0	0	0	-10
14	0	0	0	10
5	0	0	0	0
6	0	0	0	0
19	-90	0	0	-30
20	90	0	0	30
