22      7
0       0       0.5         0.6     0.7     0.75     0.8
0       0.5     0.6         0.7     0.75     0.8     0.9
3    	0       0           0       0       0       0
4       0       0           0       0       -14     0
5       -13     -12        -13    -13      -13      -11
6       -13     -5          0       0        0     0
7       40      20          0       -7      -25     30
8       40      54          32      50      100     5
9       -65     -44        -20     -9      -18     -56
10      -65     -86        -100    -107    -47     -80
11      36      27          22      12      20      34
12      36       5         -20      -20     -20     33
13      13      12          13      13      13      13
14      13      5           0       0       0       0
15      -90     -90         -90     -90     -120    -120
16      -90     -90         -90     -90     -120    -120
17      5       2           1       0       0       4
18      -35     -15         -2      -5      -5      -5
19      -90     -90         -90     -90     -90     -90
20      90      90          90      90      90      90
21      -60     -38         -14     -1      0       -42
22      60      39          14      1       0       42
