4 14
ang 0.5  0  10.25  32.299  -68.61  39.8  -10.26  0  12.25  28.93  -45.79  30.63  -12.26  -44.509  40  20  0  -17.47  -0.009  -20  0 
ang 0.1  0  10.25  20.5  -115.59  45.31  -10.26  0  12.26  28.85  -45.88  30.81  -12.26  -44.509  40  20  0  -17.47  -0.009  -20  0 
ang 0.5  0  10.25  -24.04  -127.645  -41.822  -10.26  -31.922  10.25  10.949  0.639  -2.569  -10.25  -79.189  10  20  0  -20.29  -70  -20  0 
ang 0.4  0  10.25  -24.04  -127.645  -41.822  -10.26  -31.922  10.25  10.949  0.639  -2.569  -10.25  -79.189  10  20  0  -20.29  -70  -20  0 
vel 0.5  0  -4.337  0  5.466  0  0  -2  -2  -0.021  0.066  -0.036  0  2.267  0  0  0  1.365  0  0  0 
vel 0.1  0  -1.89  0  2.92  -4.988  0  -2  -2  -0.017  0.053  -0.03  0  1.823  0  0  0  1.098  0  0  0 
vel 0.5  0  0.284  7.295  8.329  -2.05  0  1.143  -0.19  -0.014  -7.181  -2.497  0  -1.99  0  0  0  -8.335  0.001  0  0 
vel 0.4  0  -5  9.104  7.323  -3.612  0  1.407  1.616  -0.011  -6.738  -2.338  0  -2.085  -0.001  0.001  0  -7.946  0.001  0  0 
vel 0.02  0  1.981  8.068  0  -0.866  0  -2  -1.188  -0.008  -5.763  -2.526  0  -1.699  -0.001  0.001  0  -6.809  0  0  0 
vel 0.02  -10  -5  8.188  9.681  -2.999  5.64  1.415  2  -5.138  -9.665  -6.411  -2.36  -7.869  0  0  0  -8.896  0  0  0 
vel 0.02  -9.828  -5  9.691  9.239  -2.745  5.287  5.933  0.722  -4.816  -8.369  -5.705  -2.212  -7.174  0  0  0  -7.644  0  -0.001  0 
vel 0.02  -4.612  -4.497  5.663  8.741  0  4.332  4.407  -1.38  -5.629  -7.31  -4.612  -1.782  -6.07  0  0  0  -6.592  0  -0.001  0 
vel 0.02  -10  -4.781  9.323  9.867  0  3.254  1.191  -2  -6.493  -14.304  -3.638  -1.404  -8.366  0  0  0  -5.539  0.001  0  0 
vel 0.02  -8.631  -4.773  10  9.921  0  2.645  1.776  -0.219  -5.406  -12.748  -2.866  -1.104  -7.117  -0.001  0  0  -4.488  0.001  0  0 
vel 0.02  -6.685  -2.609  9.577  9.156  0  2.131  6  1.793  -4.924  -11.693  -2.251  -0.869  -6.066  -0.001  0.001  0  -3.548  0  0  0 
vel 0.02  -8.025  -3.136  10  9.115  0  1.705  -1.294  2  -3.973  -10.637  -1.77  -0.681  -5.018  0  0.001  -0.001  -1.735  0  0  0.001 
vel 0.02  -4.341  -5  10  9.927  0  1.356  4.813  1.505  -3.134  -9.583  -1.39  -0.534  -3.98  0  0  -0.001  -1.204  0  0  0.001 
vel 0.02  -10  -0.318  7.637  10  -1.72  1.074  -1.859  -2  -2.464  -8.528  -1.091  -0.419  -3.133  0  0  0  -0.926  0  -0.001  0 
