4 14
ang 0.5  0  10.25  32.299  -68.61  39.8  -10.26  0  12.25  28.93  -45.79  30.63  -12.26  -44.509  40  20  0  -17.47  -0.009  -20  0 
ang 0.1  0  10.25  20.5  -115.59  45.31  -10.26  0  12.26  28.85  -45.88  30.81  -12.26  -44.509  40  20  0  -17.47  -0.009  -20  0 
ang 0.5  0  30.25  -24.04  -127.453  -42.133  -10.26  -27.892  10.25  10.949  0.639  -0.569  -10.25  -79.189  10  20  0  -20.29  -70  -20  0 
ang 0.4  0  30.25  -24.04  -127.453  -42.133  -10.26  -27.892  10.25  10.949  0.639  -0.569  -10.25  -79.189  10  20  0  -20.29  -70  -20  0 
vel 0.5  2.473  -1.702  -3.045  2.378  2.682  0  -1.902  -2.007  -0.021  0.066  -0.036  0  2.267  0  0  0  1.365  0  0  0 
vel 0.1  -0.318  -3.35  -0.971  2.548  -7.581  0  -1.31  -3.487  -0.017  0.053  -0.03  0  1.823  0  0  0  1.098  0  0  0 
vel 0.5  -2.453  -1.484  5.463  7.702  -1.145  0  0.615  1.121  -0.014  -7.181  -2.497  0  -1.99  0  0  0  -8.335  0.001  0  0 
vel 0.4  1.439  -7.06  7.296  5.692  -1.687  0  1.92  2.86  -0.011  -6.738  -2.338  0  -2.085  -0.001  0.001  0  -7.946  0.001  0  0 
vel 0.02  5.016  1.084  7.397  -0.791  0.962  0  -0.672  -0.646  -0.008  -5.763  -2.526  0  -1.699  -0.001  0.001  0  -6.809  0  0  0 
vel 0.02  -12.638  -4.513  9.519  11.861  -2.434  5.64  2.414  3.269  -5.138  -9.665  -6.411  -2.36  -7.869  0  0  0  -8.896  0  0  0 
vel 0.02  -10.135  -5.892  9.596  14.231  -1.555  5.287  6.527  2.152  -4.816  -8.369  -5.705  -2.212  -7.174  0  0  0  -7.644  0  -0.001  0 
vel 0.02  -5.034  -6.137  7.116  8.615  -0.622  4.332  4.666  -0.115  -5.629  -7.31  -4.612  -1.782  -6.07  0  0  0  -6.592  0  -0.001  0 
vel 0.02  -14.709  -3.449  13.907  15.388  14.939  3.254  2.541  -2.539  -6.493  -14.304  -3.638  -1.404  -8.366  0  0  0  -5.539  0.001  0  0 
vel 0.02  -7.617  -5.465  13.327  11.305  6.125  2.645  3.739  -4.447  -5.406  -12.748  -2.866  -1.104  -7.117  -0.001  0  0  -4.488  0.001  0  0 
vel 0.02  -7.189  -5.873  10.154  14.257  9.697  2.131  5.192  2.557  -4.924  -11.693  -2.251  -0.869  -6.066  -0.001  0.001  0  -3.548  0  0  0 
vel 0.02  -6.709  -2.315  11.129  12.466  3.99  1.705  -1.654  0.467  -3.973  -10.637  -1.77  -0.681  -5.018  0  0.001  -0.001  -1.735  0  0  0.001 
vel 0.02  -4.6  -4.873  12.765  14.873  6.693  1.356  5.629  4.366  -3.134  -9.583  -1.39  -0.534  -3.98  0  0  -0.001  -1.204  0  0  0.001 
vel 0.02  -8.383  -0.95  8.634  9.494  9.544  1.074  -4.728  -0.69  -2.464  -8.528  -1.091  -0.419  -3.133  0  0  0  -0.926  0  -0.001  0 
