4 14 
 
 ang 0.5 -0.0000	-12.2500	28.9300	-45.7900	30.6300	12.2600	-0.0000	-10.2500	32.3000	-68.6100	39.8000	10.2600	-17.4700	0.0090	20.0000	-0.0000	-44.5090	-40.0000	-20.0000	0.0000	
 ang 0.1 -0.0000	-12.2600	28.8500	-45.8800	30.8100	12.2600	-0.0000	-10.2500	20.5000	-115.5900	45.3100	10.2600	-17.4700	0.0090	20.0000	-0.0000	-44.5090	-40.0000	-20.0000	0.0000	
 ang 0.5 -27.2734	-10.2500	10.9490	0.6390	2.5690	10.2500	0.0000	-19.2500	-24.0400	-127.7224	-41.6549	10.2600	-20.2900	70.0000	20.0000	-0.0000	-79.1890	-10.0000	-20.0000	0.0000	
 ang 0.4 -27.2734	-10.2500	10.9490	0.6390	2.5690	10.2500	0.0000	-19.2500	-24.0400	-127.7224	-41.6549	10.2600	-20.2900	70.0000	20.0000	-0.0000	-79.1890	-10.0000	-20.0000	0.0000	
 
 vel 0.02 -0.8783	1.9996	-0.0219	0.0669	-0.0363	0.0008	-0.6008	2.5175	0.3818	1.0386	-0.9326	0.0008	1.3654	0.0005	-0.0005	-0.0002	2.2670	-0.0005	0.0004	0.0002	
 vel 0.02 -1.0574	2.0000	-0.0173	0.0531	-0.0303	0.0008	-0.1623	3.4841	1.6084	1.6428	-5.0000	-0.0008	1.0982	0.0005	-0.0004	-0.0002	1.8238	-0.0005	0.0004	0.0002	
 vel 0.02 2.1738	-0.0362	-0.0143	-7.1814	-2.4977	-0.0008	-0.4924	2.0438	4.9273	7.4938	-1.2297	-0.0007	-8.3356	-0.0011	-0.0004	-0.0002	-1.9907	-0.0005	0.0004	0.0002	
 vel 0.02 1.9716	-1.6285	-0.0114	-6.7388	-2.3388	-0.0007	-0.0658	5.0000	5.7248	5.0577	-0.7215	-0.0007	-7.9465	-0.0010	-0.0004	-0.0002	-2.0850	0.0011	-0.0012	0.0002	
 vel 0.02 -1.7977	-0.0831	-0.0083	-5.7638	-2.5263	-0.0007	-0.3200	-2.1553	7.5551	0.2331	0.0000	0.0009	-6.8091	0.0006	-0.0004	-0.0002	-1.6993	0.0010	-0.0011	0.0002	
 vel 0.02 1.6932	-2.0000	-5.1385	-9.6657	-6.4116	2.3601	-9.0702	4.8878	9.6946	8.5715	-0.8953	-5.6400	-8.8966	0.0005	-0.0004	-0.0002	-7.8693	-0.0006	0.0005	0.0002	
 vel 0.02 5.9020	-1.8683	-4.8163	-8.3697	-5.7056	2.2125	-9.3276	4.8800	9.1656	9.7349	-1.9719	-5.2875	-7.6441	0.0005	0.0012	-0.0002	-7.1747	-0.0005	0.0004	0.0002	
 vel 0.02 4.0723	-0.9942	-5.6292	-7.3109	-4.6129	1.7821	-3.1707	4.7623	7.2917	7.4990	-0.7050	-4.3323	-6.5929	0.0005	0.0011	-0.0002	-6.0709	-0.0005	0.0004	0.0002	
 vel 0.02 3.3465	1.2943	-6.4937	-14.3044	-3.6382	1.4042	-9.3801	3.9319	9.8605	8.7150	-0.8191	-3.2544	-5.5398	-0.0011	-0.0005	-0.0002	-8.3666	-0.0005	0.0004	0.0002	
 vel 0.02 2.9875	2.0000	-5.4061	-12.7485	-2.8667	1.1047	-8.7449	3.7354	9.2542	9.8823	-0.8121	-2.6455	-4.4884	-0.0010	-0.0004	-0.0002	-7.1171	0.0011	0.0004	0.0002	
 vel 0.02 4.1048	-0.9100	-4.9249	-11.6939	-2.2518	0.8690	-7.6949	5.0000	9.3270	9.7079	-0.2060	-2.1312	-3.5489	0.0006	-0.0004	-0.0002	-6.0665	0.0010	-0.0012	0.0002	
 vel 0.02 -1.3435	-0.7322	-3.9734	-10.6378	-1.7703	0.6818	-6.8807	1.8561	9.3627	8.9880	-0.4093	-1.7052	-1.7355	0.0005	-0.0004	0.0014	-5.0181	-0.0006	-0.0011	-0.0014	
 vel 0.02 5.5884	-0.8213	-3.1342	-9.5834	-1.3902	0.5345	-5.9659	4.0900	9.3135	9.3081	-0.3353	-1.3564	-1.2048	0.0005	-0.0004	0.0013	-3.9808	-0.0005	0.0005	-0.0013	
 vel 0.02 -2.0000	0.1215	-2.4641	-8.5289	-1.0912	0.4197	-8.9105	0.3143	7.9698	9.0311	-0.0682	-1.0744	-0.9269	0.0005	0.0012	-0.0003	-3.1332	-0.0005	0.0004	0.0003	