4 14
ang 0.5  0  -10.25  32.299  -68.61  39.8  10.26  0  -12.25  28.93  -45.79  30.63  12.26  -44.509  40  20  0  -17.47  -0.009  -20  0 
ang 0.1  0  -10.25  20.5  -115.59  45.31  10.26  0  -12.26  28.85  -45.88  30.81  12.26  -44.509  40  20  0  -17.47  -0.009  -20  0 
ang 0.5  0  -10.25  -24.04  -127.227  -42.41  10.26  -28.669  -10.25  10.949  0.639  -0.569  10.25  -79.189  10  20  0  -20.29  -70  -20  0 
ang 0.4  0  -10.25  -24.04  -127.227  -42.41  10.26  -28.669  -10.25  10.949  0.639  -0.569  10.25  -79.189  10  20  0  -20.29  -70  -20  0 
vel 0.5  2.776  1.388  -1.478  4.075  3.037  0  -1.837  2.024  -0.021  0.066  -0.036  0  2.267  0  0  0  1.365  0  0  0 
vel 0.1  0.501  1.965  -1.151  3.936  -6.236  0  -2.679  2.617  -0.017  0.053  -0.03  0  1.823  0  0  0  1.098  0  0  0 
vel 0.5  -2.834  1.519  3.853  8.115  -2.334  0  -0.628  -0.408  -0.014  -7.181  -2.497  0  -1.99  0  0  0  -8.335  0.001  0  0 
vel 0.4  2.261  7.409  8.604  6.65  -1.517  0  1.986  -2.687  -0.011  -6.738  -2.338  0  -2.085  -0.001  0.001  0  -7.946  0.001  0  0 
vel 0.02  4.874  -0.107  8.27  -0.63  0.916  0  -1.218  1.518  -0.008  -5.763  -2.526  0  -1.699  -0.001  0.001  0  -6.809  0  0  0 
vel 0.02  -12.996  4.722  10.644  12.115  -3.017  -5.64  1.685  -2.123  -5.138  -9.665  -6.411  2.36  -7.869  0  0  0  -8.896  0  0  0 
vel 0.02  -11.08  6.202  10.185  15.041  -2.526  -5.287  7.036  -3.602  -4.816  -8.369  -5.705  2.212  -7.174  0  0  0  -7.644  0  -0.001  0 
vel 0.02  -5.567  6.454  6.626  9.917  0.573  -4.332  5.352  0.257  -5.629  -7.31  -4.612  1.782  -6.07  0  0  0  -6.592  0  -0.001  0 
vel 0.02  -14.897  3.79  14.473  15.334  15.498  -3.254  2.544  3.168  -6.493  -14.304  -3.638  1.404  -8.366  0  0  0  -5.539  0.001  0  0 
vel 0.02  -8.1  5.674  11.936  13.646  5.649  -2.645  4.626  5.178  -5.406  -12.748  -2.866  1.104  -7.117  -0.001  0  0  -4.488  0.001  0  0 
vel 0.02  -6.927  6.381  11.076  15.3  10.309  -2.131  5.819  -1.778  -4.924  -11.693  -2.251  0.869  -6.066  -0.001  0.001  0  -3.548  0  0  0 
vel 0.02  -7.697  1.978  10.894  12.171  3.671  -1.705  -1.839  -0.485  -3.973  -10.637  -1.77  0.681  -5.018  0  0.001  -0.001  -1.735  0  0  0.001 
vel 0.02  -5.937  6.333  11.401  14.197  6.084  -1.356  5.581  -5.382  -3.134  -9.583  -1.39  0.534  -3.98  0  0  -0.001  -1.204  0  0  0.001 
vel 0.02  -7.512  1.168  7.812  9.721  10.966  -1.074  -3.03  1.305  -2.464  -8.528  -1.091  0.419  -3.133  0  0  0  -0.926  0  -0.001  0 
