4 14 
 
 ang 0.5 -0.0000	-12.2500	28.9300	-45.7900	30.6300	12.2600	-0.0000	-10.2500	32.3000	-68.6100	39.8000	10.2600	-17.4700	0.0090	20.0000	-0.0000	-44.5090	-40.0000	-20.0000	0.0000	
 ang 0.1 -0.0000	-12.2600	28.8500	-45.8800	30.8100	12.2600	-0.0000	-10.2500	20.5000	-115.5900	45.3100	10.2600	-17.4700	0.0090	20.0000	-0.0000	-44.5090	-40.0000	-20.0000	0.0000	
 ang 0.5 -26.8579	-10.2500	10.9490	0.6390	2.5690	10.2500	0.0000	-30.2500	-24.0400	-128.1214	-42.7122	10.2600	-20.2900	70.0000	20.0000	-0.0000	-79.1890	-10.0000	-20.0000	0.0000	
 ang 0.4 -26.8579	-10.2500	10.9490	0.6390	2.5690	10.2500	0.0000	-30.2500	-24.0400	-128.1214	-42.7122	10.2600	-20.2900	70.0000	20.0000	-0.0000	-79.1890	-10.0000	-20.0000	0.0000	
 
 vel 0.02 -0.9367	1.0781	-0.0219	0.0669	-0.0363	0.0008	0.0000	4.6398	0.2044	1.1468	-0.0226	0.0008	1.3654	0.0005	-0.0005	-0.0002	2.2670	-0.0005	0.0004	0.0002	
 vel 0.02 -0.7602	0.8449	-0.0173	0.0531	-0.0303	0.0008	-0.1306	4.5607	1.5203	2.4294	-5.0000	-0.0008	1.0982	0.0005	-0.0004	-0.0002	1.8238	-0.0005	0.0004	0.0002	
 vel 0.02 2.1653	2.0000	-0.0143	-7.1814	-2.4977	-0.0008	-1.4634	3.1689	9.1076	7.4922	0.0000	-0.0007	-8.3356	-0.0011	-0.0004	-0.0002	-1.9907	-0.0005	0.0004	0.0002	
 vel 0.02 1.7789	-1.7489	-0.0114	-6.7388	-2.3388	-0.0007	-0.1240	4.6646	7.6613	4.1012	-3.0041	-0.0007	-7.9465	-0.0010	-0.0004	-0.0002	-2.0850	0.0011	-0.0012	0.0002	
 vel 0.02 -1.9323	1.5603	-0.0083	-5.7638	-2.5263	-0.0007	0.0000	1.0308	7.6961	0.0000	-0.6327	0.0009	-6.8091	0.0006	-0.0004	-0.0002	-1.6993	0.0010	-0.0011	0.0002	
 vel 0.02 2.9613	-1.7999	-5.1385	-9.6657	-6.4116	2.3601	-8.9771	4.3712	9.0657	7.6569	-1.4034	-5.6400	-8.8966	0.0005	-0.0004	-0.0002	-7.8693	-0.0006	0.0005	0.0002	
 vel 0.02 6.0000	-2.0000	-4.8163	-8.3697	-5.7056	2.2125	-9.0014	4.9698	8.0686	8.9457	-1.4939	-5.2875	-7.6441	0.0005	0.0012	-0.0002	-7.1747	-0.0005	0.0004	0.0002	
 vel 0.02 5.8172	-1.9503	-5.6292	-7.3109	-4.6129	1.7821	-2.5613	4.7901	7.1811	7.8390	-0.0462	-4.3323	-6.5929	0.0005	0.0011	-0.0002	-6.0709	-0.0005	0.0004	0.0002	
 vel 0.02 4.4986	1.0637	-6.4937	-14.3044	-3.6382	1.4042	-7.5010	4.6131	9.5812	9.3810	-0.0359	-3.2544	-5.5398	-0.0011	-0.0005	-0.0002	-8.3666	-0.0005	0.0004	0.0002	
 vel 0.02 4.2272	1.8737	-5.4061	-12.7485	-2.8667	1.1047	-8.1512	5.0000	8.8492	9.8788	-2.1022	-2.6455	-4.4884	-0.0010	-0.0004	-0.0002	-7.1171	0.0011	0.0004	0.0002	
 vel 0.02 3.3156	-1.2929	-4.9249	-11.6939	-2.2518	0.8690	-7.7145	5.0000	9.4868	9.6757	-0.2925	-2.1312	-3.5489	0.0006	-0.0004	-0.0002	-6.0665	0.0010	-0.0012	0.0002	
 vel 0.02 -1.5877	-1.8622	-3.9734	-10.6378	-1.7703	0.6818	-5.0773	1.4163	9.4422	8.5945	-0.7321	-1.7052	-1.7355	0.0005	-0.0004	0.0014	-5.0181	-0.0006	-0.0011	-0.0014	
 vel 0.02 5.8479	-1.7382	-3.1342	-9.5834	-1.3902	0.5345	-4.8986	3.7537	8.7054	9.8277	-1.1198	-1.3564	-1.2048	0.0005	-0.0004	0.0013	-3.9808	-0.0005	0.0005	-0.0013	
 vel 0.02 -1.4016	2.0000	-2.4641	-8.5289	-1.0912	0.4197	-9.3490	1.0623	9.3151	9.1963	-0.2697	-1.0744	-0.9269	0.0005	0.0012	-0.0003	-3.1332	-0.0005	0.0004	0.0003	