4 14 
 
 ang 0.5 -0.0000	-12.2500	28.9300	-45.7900	30.6300	12.2600	-0.0000	-10.2500	32.3000	-68.6100	39.8000	10.2600	-17.4700	0.0090	20.0000	-0.0000	-44.5090	-40.0000	-20.0000	0.0000	
 ang 0.1 -0.0000	-12.2600	28.8500	-45.8800	30.8100	12.2600	-0.0000	-10.2500	20.5000	-115.5900	45.3100	10.2600	-17.4700	0.0090	20.0000	-0.0000	-44.5090	-40.0000	-20.0000	0.0000	
 ang 0.5 -28.8564	-10.2500	10.9490	0.6390	-2.5690	10.2500	0.0000	-30.2500	-24.0400	-128.7828	-42.6998	10.2600	-20.2900	70.0000	20.0000	-0.0000	-79.1890	-10.0000	-20.0000	0.0000	
 ang 0.4 -28.8564	-10.2500	10.9490	0.6390	-2.5690	10.2500	0.0000	-30.2500	-24.0400	-128.7828	-42.6998	10.2600	-20.2900	70.0000	20.0000	-0.0000	-79.1890	-10.0000	-20.0000	0.0000	
 
 vel 0.02 -0.3709	-0.1426	-0.0219	0.0669	-0.0363	0.0008	0.0000	2.4194	0.0000	0.9480	-1.7294	0.0008	1.3654	0.0005	-0.0005	-0.0002	2.2670	-0.0005	0.0004	0.0002	
 vel 0.02 -1.3164	0.9737	-0.0173	0.0531	-0.0303	0.0008	-0.0690	4.4082	0.0000	0.9613	-5.0000	-0.0008	1.0982	0.0005	-0.0004	-0.0002	1.8238	-0.0005	0.0004	0.0002	
 vel 0.02 3.7478	2.0000	-0.0143	-7.1814	-2.4977	-0.0008	-0.6476	2.9316	6.7940	9.3858	-0.7893	-0.0007	-8.3356	-0.0011	-0.0004	-0.0002	-1.9907	-0.0005	0.0004	0.0002	
 vel 0.02 3.4826	-2.0000	-0.0114	-6.7388	-2.3388	-0.0007	0.0000	5.0000	9.3595	6.4879	-1.4739	-0.0007	-7.9465	-0.0010	-0.0004	-0.0002	-2.0850	0.0011	-0.0012	0.0002	
 vel 0.02 -1.9465	2.0000	-0.0083	-5.7638	-2.5263	-0.0007	-0.1870	0.2344	7.9269	0.0525	-1.0044	0.0009	-6.8091	0.0006	-0.0004	-0.0002	-1.6993	0.0010	-0.0011	0.0002	
 vel 0.02 2.1540	-1.7451	-5.1385	-9.6657	-6.4116	2.3601	-10.0000	4.9381	10.0000	9.8941	-1.4885	-5.6400	-8.8966	0.0005	-0.0004	-0.0002	-7.8693	-0.0006	0.0005	0.0002	
 vel 0.02 6.0000	-1.8588	-4.8163	-8.3697	-5.7056	2.2125	-8.7198	5.0000	10.0000	10.0000	-1.3078	-5.2875	-7.6441	0.0005	0.0012	-0.0002	-7.1747	-0.0005	0.0004	0.0002	
 vel 0.02 3.9220	-1.8213	-5.6292	-7.3109	-4.6129	1.7821	-4.3244	4.3195	6.1526	7.6787	-0.1956	-4.3323	-6.5929	0.0005	0.0011	-0.0002	-6.0709	-0.0005	0.0004	0.0002	
 vel 0.02 5.0543	0.9810	-6.4937	-14.3044	-3.6382	1.4042	-9.2996	3.2379	9.2502	9.5711	0.0000	-3.2544	-5.5398	-0.0011	-0.0005	-0.0002	-8.3666	-0.0005	0.0004	0.0002	
 vel 0.02 3.7052	2.0000	-5.4061	-12.7485	-2.8667	1.1047	-5.4507	2.7479	10.0000	8.1970	-2.4433	-2.6455	-4.4884	-0.0010	-0.0004	-0.0002	-7.1171	0.0011	0.0004	0.0002	
 vel 0.02 5.3030	-2.0000	-4.9249	-11.6939	-2.2518	0.8690	-5.9053	4.9338	9.1712	8.7318	0.0000	-2.1312	-3.5489	0.0006	-0.0004	-0.0002	-6.0665	0.0010	-0.0012	0.0002	
 vel 0.02 -0.2883	-1.5188	-3.9734	-10.6378	-1.7703	0.6818	-7.8623	2.8856	10.0000	9.7631	-0.3690	-1.7052	-1.7355	0.0005	-0.0004	0.0014	-5.0181	-0.0006	-0.0011	-0.0014	
 vel 0.02 6.0000	-0.9862	-3.1342	-9.5834	-1.3902	0.5345	-5.9886	4.2154	9.4191	9.8524	-0.5873	-1.3564	-1.2048	0.0005	-0.0004	0.0013	-3.9808	-0.0005	0.0005	-0.0013	
 vel 0.02 -0.8432	-1.3609	-2.4641	-8.5289	-1.0912	0.4197	-8.6040	1.3452	8.7968	9.2693	0.0000	-1.0744	-0.9269	0.0005	0.0012	-0.0003	-3.1332	-0.0005	0.0004	0.0003	