4 14 
 
 ang 0.5 -0.0000	-12.2500	28.9300	-45.7900	30.6300	12.2600	-0.0000	-10.2500	32.3000	-68.6100	39.8000	10.2600	-17.4700	0.0090	20.0000	-0.0000	-44.5090	-40.0000	-20.0000	0.0000	
 ang 0.1 -0.0000	-12.2600	28.8500	-45.8800	30.8100	12.2600	-0.0000	-10.2500	20.5000	-115.5900	45.3100	10.2600	-17.4700	0.0090	20.0000	-0.0000	-44.5090	-40.0000	-20.0000	0.0000	
 ang 0.5 -27.8457	-10.2500	10.9490	0.6390	-0.5690	10.2500	0.0000	-19.2500	-24.0400	-128.3129	-41.7432	10.2600	-20.2900	70.0000	20.0000	-0.0000	-79.1890	-10.0000	-20.0000	0.0000	
 ang 0.4 -27.8457	-10.2500	10.9490	0.6390	-0.5690	10.2500	0.0000	-19.2500	-24.0400	-128.3129	-41.7432	10.2600	-20.2900	70.0000	20.0000	-0.0000	-79.1890	-10.0000	-20.0000	0.0000	
 
 vel 0.02 -1.1713	2.0000	-0.0219	0.0669	-0.0363	0.0008	0.0000	1.6255	0.0000	2.1840	-0.3391	0.0008	1.3654	0.0005	-0.0005	-0.0002	2.2670	-0.0005	0.0004	0.0002	
 vel 0.02 -1.8512	2.0000	-0.0173	0.0531	-0.0303	0.0008	-0.1162	4.1949	0.0000	1.9748	-5.0000	-0.0008	1.0982	0.0005	-0.0004	-0.0002	1.8238	-0.0005	0.0004	0.0002	
 vel 0.02 1.6099	0.0753	-0.0143	-7.1814	-2.4977	-0.0008	-1.4890	2.1207	3.9649	7.4154	-1.4626	-0.0007	-8.3356	-0.0011	-0.0004	-0.0002	-1.9907	-0.0005	0.0004	0.0002	
 vel 0.02 2.4655	-1.6723	-0.0114	-6.7388	-2.3388	-0.0007	0.0000	5.0000	7.7481	5.5242	-2.3435	-0.0007	-7.9465	-0.0010	-0.0004	-0.0002	-2.0850	0.0011	-0.0012	0.0002	
 vel 0.02 -2.0000	0.7059	-0.0083	-5.7638	-2.5263	-0.0007	0.0000	-0.7195	7.6705	0.2917	0.0000	0.0009	-6.8091	0.0006	-0.0004	-0.0002	-1.6993	0.0010	-0.0011	0.0002	
 vel 0.02 2.3667	-1.6961	-5.1385	-9.6657	-6.4116	2.3601	-9.5416	4.6835	8.9724	9.3515	-2.0405	-5.6400	-8.8966	0.0005	-0.0004	-0.0002	-7.8693	-0.0006	0.0005	0.0002	
 vel 0.02 5.8708	-1.7189	-4.8163	-8.3697	-5.7056	2.2125	-9.6708	5.0000	9.2293	9.8137	-2.2622	-5.2875	-7.6441	0.0005	0.0012	-0.0002	-7.1747	-0.0005	0.0004	0.0002	
 vel 0.02 4.9570	0.3601	-5.6292	-7.3109	-4.6129	1.7821	-3.4695	3.9447	7.6313	8.8439	-0.8248	-4.3323	-6.5929	0.0005	0.0011	-0.0002	-6.0709	-0.0005	0.0004	0.0002	
 vel 0.02 1.8377	1.5132	-6.4937	-14.3044	-3.6382	1.4042	-10.0000	3.2997	10.0000	10.0000	-0.1190	-3.2544	-5.5398	-0.0011	-0.0005	-0.0002	-8.3666	-0.0005	0.0004	0.0002	
 vel 0.02 3.7795	2.0000	-5.4061	-12.7485	-2.8667	1.1047	-7.5371	4.9850	9.6902	9.4813	0.0000	-2.6455	-4.4884	-0.0010	-0.0004	-0.0002	-7.1171	0.0011	0.0004	0.0002	
 vel 0.02 5.8724	-2.0000	-4.9249	-11.6939	-2.2518	0.8690	-6.9562	5.0000	10.0000	9.7035	-0.3655	-2.1312	-3.5489	0.0006	-0.0004	-0.0002	-6.0665	0.0010	-0.0012	0.0002	
 vel 0.02 -1.4893	-1.6718	-3.9734	-10.6378	-1.7703	0.6818	-6.2708	2.1915	9.2884	10.0000	-0.3047	-1.7052	-1.7355	0.0005	-0.0004	0.0014	-5.0181	-0.0006	-0.0011	-0.0014	
 vel 0.02 5.5759	-1.3251	-3.1342	-9.5834	-1.3902	0.5345	-4.2449	4.3654	10.0000	9.5718	-1.4074	-1.3564	-1.2048	0.0005	-0.0004	0.0013	-3.9808	-0.0005	0.0005	-0.0013	
 vel 0.02 -0.5747	0.0647	-2.4641	-8.5289	-1.0912	0.4197	-7.9573	1.2143	9.3956	9.1744	-0.3054	-1.0744	-0.9269	0.0005	0.0012	-0.0003	-3.1332	-0.0005	0.0004	0.0003	