4 14
ang 0.5  0  -10.25  32.299  -68.61  39.8  10.26  0  -12.25  28.93  -45.79  30.63  12.26  -44.509  40  20  0  -17.47  -0.009  -20  0 
ang 0.1  0  -10.25  20.5  -115.59  45.31  10.26  0  -12.26  28.85  -45.88  30.81  12.26  -44.509  40  20  0  -17.47  -0.009  -20  0 
ang 0.5  0  -10.25  -24.04  -127.142  -42.715  10.26  -26.442  -10.25  10.949  0.639  2.569  10.25  -79.189  10  20  0  -20.29  -70  -20  0 
ang 0.4  0  -10.25  -24.04  -127.142  -42.715  10.26  -26.442  -10.25  10.949  0.639  2.569  10.25  -79.189  10  20  0  -20.29  -70  -20  0 
vel 0.5  4.022  1.942  -2.19  2.59  1.686  0  -0.171  2.308  -0.021  0.066  -0.036  0  2.267  0  0  0  1.365  0  0  0 
vel 0.1  0.139  3.825  -0.548  2.78  -8.252  0  -1.755  2.833  -0.017  0.053  -0.03  0  1.823  0  0  0  1.098  0  0  0 
vel 0.5  -3.207  1.593  6.2  8.294  -0.844  0  -0.205  -1.818  -0.014  -7.181  -2.497  0  -1.99  0  0  0  -8.335  0.001  0  0 
vel 0.4  2.256  7.95  8.05  5.711  -1.35  0  2.144  -1.564  -0.011  -6.738  -2.338  0  -2.085  -0.001  0.001  0  -7.946  0.001  0  0 
vel 0.02  6.609  -1.442  5.948  -0.754  -0.143  0  -1.868  0.193  -0.008  -5.763  -2.526  0  -1.699  -0.001  0.001  0  -6.809  0  0  0 
vel 0.02  -12.475  4.024  11.39  12.565  -1.657  -5.64  0.297  -3.812  -5.138  -9.665  -6.411  2.36  -7.869  0  0  0  -8.896  0  0  0 
vel 0.02  -9.64  6.01  9.601  13.846  -2.362  -5.287  7.731  -1.485  -4.816  -8.369  -5.705  2.212  -7.174  0  0  0  -7.644  0  -0.001  0 
vel 0.02  -3.654  6.53  6.95  8.774  -0.944  -4.332  5.206  0.791  -5.629  -7.31  -4.612  1.782  -6.07  0  0  0  -6.592  0  -0.001  0 
vel 0.02  -14.785  6.028  12.999  14.536  14.148  -3.254  2.896  1.403  -6.493  -14.304  -3.638  1.404  -8.366  0  0  0  -5.539  0.001  0  0 
vel 0.02  -8.008  6.294  12.978  11  5.236  -2.645  4.505  3.563  -5.406  -12.748  -2.866  1.104  -7.117  -0.001  0  0  -4.488  0.001  0  0 
vel 0.02  -7.604  7.682  10.569  14.683  8.826  -2.131  4.136  -2.287  -4.924  -11.693  -2.251  0.869  -6.066  -0.001  0.001  0  -3.548  0  0  0 
vel 0.02  -8.079  1.984  13.348  13.984  2.759  -1.705  -0.637  -0.461  -3.973  -10.637  -1.77  0.681  -5.018  0  0.001  -0.001  -1.735  0  0  0.001 
vel 0.02  -3.127  4.179  11.338  14.657  6.574  -1.356  5.873  -3.043  -3.134  -9.583  -1.39  0.534  -3.98  0  0  -0.001  -1.204  0  0  0.001 
vel 0.02  -8.812  2.355  9.85  9.355  10.06  -1.074  -3.132  -0.023  -2.464  -8.528  -1.091  0.419  -3.133  0  0  0  -0.926  0  -0.001  0 
