4 14 
 
 ang 0.5 -0.0000	-12.2500	28.9300	-45.7900	30.6300	12.2600	-0.0000	-10.2500	32.3000	-68.6100	39.8000	10.2600	-17.4700	0.0090	20.0000	-0.0000	-44.5090	-40.0000	-20.0000	0.0000	
 ang 0.1 -0.0000	-12.2600	28.8500	-45.8800	30.8100	12.2600	-0.0000	-10.2500	20.5000	-115.5900	45.3100	10.2600	-17.4700	0.0090	20.0000	-0.0000	-44.5090	-40.0000	-20.0000	0.0000	
 ang 0.5 -27.8925	-10.2500	10.9490	0.6390	-0.5690	10.2500	0.0000	-30.2500	-24.0400	-127.4537	-42.1332	10.2600	-20.2900	70.0000	20.0000	-0.0000	-79.1890	-10.0000	-20.0000	0.0000	
 ang 0.4 -27.8925	-10.2500	10.9490	0.6390	-0.5690	10.2500	0.0000	-30.2500	-24.0400	-127.4537	-42.1332	10.2600	-20.2900	70.0000	20.0000	-0.0000	-79.1890	-10.0000	-20.0000	0.0000	
 
 vel 0.02 -1.9021	2.0074	-0.0219	0.0669	-0.0363	0.0008	2.4737	1.7027	-3.0450	2.3789	2.6826	0.0008	1.3654	0.0005	-0.0005	-0.0002	2.2670	-0.0005	0.0004	0.0002	
 vel 0.02 -1.3105	3.4874	-0.0173	0.0531	-0.0303	0.0008	-0.3184	3.3503	-0.9712	2.5481	-7.5819	-0.0008	1.0982	0.0005	-0.0004	-0.0002	1.8238	-0.0005	0.0004	0.0002	
 vel 0.02 0.6159	-1.1214	-0.0143	-7.1814	-2.4977	-0.0008	-2.4535	1.4849	5.4633	7.7022	-1.1450	-0.0007	-8.3356	-0.0011	-0.0004	-0.0002	-1.9907	-0.0005	0.0004	0.0002	
 vel 0.02 1.9207	-2.8601	-0.0114	-6.7388	-2.3388	-0.0007	1.4395	7.0600	7.2962	5.6925	-1.6878	-0.0007	-7.9465	-0.0010	-0.0004	-0.0002	-2.0850	0.0011	-0.0012	0.0002	
 vel 0.02 -0.6726	0.6462	-0.0083	-5.7638	-2.5263	-0.0007	5.0163	-1.0841	7.3974	-0.7915	0.9627	0.0009	-6.8091	0.0006	-0.0004	-0.0002	-1.6993	0.0010	-0.0011	0.0002	
 vel 0.02 2.4144	-3.2691	-5.1385	-9.6657	-6.4116	2.3601	-12.6386	4.5134	9.5196	11.8614	-2.4343	-5.6400	-8.8966	0.0005	-0.0004	-0.0002	-7.8693	-0.0006	0.0005	0.0002	
 vel 0.02 6.5277	-2.1524	-4.8163	-8.3697	-5.7056	2.2125	-10.1356	5.8929	9.5961	14.2310	-1.5559	-5.2875	-7.6441	0.0005	0.0012	-0.0002	-7.1747	-0.0005	0.0004	0.0002	
 vel 0.02 4.6668	0.1155	-5.6292	-7.3109	-4.6129	1.7821	-5.0344	6.1375	7.1160	8.6158	-0.6228	-4.3323	-6.5929	0.0005	0.0011	-0.0002	-6.0709	-0.0005	0.0004	0.0002	
 vel 0.02 2.5411	2.5392	-6.4937	-14.3044	-3.6382	1.4042	-14.7091	3.4499	13.9075	15.3887	14.9391	-3.2544	-5.5398	-0.0011	-0.0005	-0.0002	-8.3666	-0.0005	0.0004	0.0002	
 vel 0.02 3.7390	4.4470	-5.4061	-12.7485	-2.8667	1.1047	-7.6178	5.4652	13.3273	11.3058	6.1256	-2.6455	-4.4884	-0.0010	-0.0004	-0.0002	-7.1171	0.0011	0.0004	0.0002	
 vel 0.02 5.1926	-2.5578	-4.9249	-11.6939	-2.2518	0.8690	-7.1898	5.8730	10.1546	14.2574	9.6973	-2.1312	-3.5489	0.0006	-0.0004	-0.0002	-6.0665	0.0010	-0.0012	0.0002	
 vel 0.02 -1.6548	-0.4670	-3.9734	-10.6378	-1.7703	0.6818	-6.7099	2.3150	11.1296	12.4662	3.9909	-1.7052	-1.7355	0.0005	-0.0004	0.0014	-5.0181	-0.0006	-0.0011	-0.0014	
 vel 0.02 5.6299	-4.3664	-3.1342	-9.5834	-1.3902	0.5345	-4.6001	4.8738	12.7657	14.8735	6.6935	-1.3564	-1.2048	0.0005	-0.0004	0.0013	-3.9808	-0.0005	0.0005	-0.0013	
 vel 0.02 -4.7281	0.6902	-2.4641	-8.5289	-1.0912	0.4197	-8.3830	0.9500	8.6345	9.4947	9.5448	-1.0744	-0.9269	0.0005	0.0012	-0.0003	-3.1332	-0.0005	0.0004	0.0003	
