4 14
ang 0.5  0  10.25  32.299  -68.61  39.8  -10.26  0  12.25  28.93  -45.79  30.63  -12.26  -44.509  40  20  0  -17.47  -0.009  -20  0 
ang 0.1  0  10.25  20.5  -115.59  45.31  -10.26  0  12.26  28.85  -45.88  30.81  -12.26  -44.509  40  20  0  -17.47  -0.009  -20  0 
ang 0.5  0  20.25  -24.04  -128.75  -43.017  -10.26  -28.78  10.25  10.949  0.639  -2.569  -10.25  -79.189  10  20  0  -20.29  -70  -20  0 
ang 0.4  0  20.25  -24.04  -128.75  -43.017  -10.26  -28.78  10.25  10.949  0.639  -2.569  -10.25  -79.189  10  20  0  -20.29  -70  -20  0 
vel 0.5  -0.085  -2.431  0.48  3.122  -0.658  0  -1.247  -0.389  -0.021  0.066  -0.036  0  2.267  0  0  0  1.365  0  0  0 
vel 0.1  -0.809  -3.946  0.086  2.088  -5  0  -0.885  -2  -0.017  0.053  -0.03  0  1.823  0  0  0  1.098  0  0  0 
vel 0.5  -2.246  -2.251  7.705  7.952  -2.183  0  3.15  1.713  -0.014  -7.181  -2.497  0  -1.99  0  0  0  -8.335  0.001  0  0 
vel 0.4  0  -5  7.711  8.52  -2.209  0  2.363  1.075  -0.011  -6.738  -2.338  0  -2.085  -0.001  0.001  0  -7.946  0.001  0  0 
vel 0.02  0  1.452  6.771  0  -1.098  0  -1.336  -1.615  -0.008  -5.763  -2.526  0  -1.699  -0.001  0.001  0  -6.809  0  0  0 
vel 0.02  -9.862  -3.914  9.017  8.988  -3.059  5.64  2.072  2  -5.138  -9.665  -6.411  -2.36  -7.869  0  0  0  -8.896  0  0  0 
vel 0.02  -9.209  -5  9.065  9.674  -1.806  5.287  4.622  2  -4.816  -8.369  -5.705  -2.212  -7.174  0  0  0  -7.644  0  -0.001  0 
vel 0.02  -4.48  -5  6.372  7.875  -0.338  4.332  2.682  -0.23  -5.629  -7.31  -4.612  -1.782  -6.07  0  0  0  -6.592  0  -0.001  0 
vel 0.02  -10  -2.474  10  10  -3.519  3.254  4.01  0.914  -6.493  -14.304  -3.638  -1.404  -8.366  0  0  0  -5.539  0.001  0  0 
vel 0.02  -6.282  -4.886  10  9.427  -0.332  2.645  4.314  -1.796  -5.406  -12.748  -2.866  -1.104  -7.117  -0.001  0  0  -4.488  0.001  0  0 
vel 0.02  -5.688  -4.93  9.877  9.564  -0.409  2.131  6  1.903  -4.924  -11.693  -2.251  -0.869  -6.066  -0.001  0.001  0  -3.548  0  0  0 
vel 0.02  -7.058  -1.888  9.165  9.052  -0.302  1.705  -1.871  -0.182  -3.973  -10.637  -1.77  -0.681  -5.018  0  0.001  -0.001  -1.735  0  0  0.001 
vel 0.02  -3.111  -3.779  10  10  -2.598  1.356  5.258  1.149  -3.134  -9.583  -1.39  -0.534  -3.98  0  0  -0.001  -1.204  0  0  0.001 
vel 0.02  -8.952  0.337  8.795  7.207  0  1.074  -2  0.408  -2.464  -8.528  -1.091  -0.419  -3.133  0  0  0  -0.926  0  -0.001  0 
