4 14 
 
 ang 0.5 -0.0000	-12.2500	28.9300	-45.7900	30.6300	12.2600	-0.0000	-10.2500	32.3000	-68.6100	39.8000	10.2600	-17.4700	0.0090	20.0000	-0.0000	-44.5090	-40.0000	-20.0000	0.0000	
 ang 0.1 -0.0000	-12.2600	28.8500	-45.8800	30.8100	12.2600	-0.0000	-10.2500	20.5000	-115.5900	45.3100	10.2600	-17.4700	0.0090	20.0000	-0.0000	-44.5090	-40.0000	-20.0000	0.0000	
 ang 0.5 -27.8810	-10.2500	10.9490	0.6390	-0.5690	10.2500	0.0000	-19.2500	-24.0400	-127.8674	-42.1962	10.2600	-20.2900	70.0000	20.0000	-0.0000	-79.1890	-10.0000	-20.0000	0.0000	
 ang 0.4 -27.8810	-10.2500	10.9490	0.6390	-0.5690	10.2500	0.0000	-19.2500	-24.0400	-127.8674	-42.1962	10.2600	-20.2900	70.0000	20.0000	-0.0000	-79.1890	-10.0000	-20.0000	0.0000	
 
 vel 0.02 -1.6658	2.2512	-0.0219	0.0669	-0.0363	0.0008	2.5345	1.0841	-2.5308	2.9210	3.2969	0.0008	1.3654	0.0005	-0.0005	-0.0002	2.2670	-0.0005	0.0004	0.0002	
 vel 0.02 -1.7105	3.5904	-0.0173	0.0531	-0.0303	0.0008	0.2451	3.2416	-0.7521	3.2380	-7.7849	-0.0008	1.0982	0.0005	-0.0004	-0.0002	1.8238	-0.0005	0.0004	0.0002	
 vel 0.02 -0.3229	-0.4906	-0.0143	-7.1814	-2.4977	-0.0008	-2.6188	1.6923	4.8486	8.4083	-1.4428	-0.0007	-8.3356	-0.0011	-0.0004	-0.0002	-1.9907	-0.0005	0.0004	0.0002	
 vel 0.02 1.9108	-2.9565	-0.0114	-6.7388	-2.3388	-0.0007	1.6076	7.2751	7.7187	5.8364	-1.7906	-0.0007	-7.9465	-0.0010	-0.0004	-0.0002	-2.0850	0.0011	-0.0012	0.0002	
 vel 0.02 -1.7760	1.0499	-0.0083	-5.7638	-2.5263	-0.0007	4.3489	-0.5128	7.7528	-1.2225	0.3512	0.0009	-6.8091	0.0006	-0.0004	-0.0002	-1.6993	0.0010	-0.0011	0.0002	
 vel 0.02 2.3077	-2.4768	-5.1385	-9.6657	-6.4116	2.3601	-13.0730	3.7833	10.0546	12.0822	-2.9982	-5.6400	-8.8966	0.0005	-0.0004	-0.0002	-7.8693	-0.0006	0.0005	0.0002	
 vel 0.02 6.9921	-2.0319	-4.8163	-8.3697	-5.7056	2.2125	-10.4165	6.6720	9.8337	13.8594	-1.8258	-5.2875	-7.6441	0.0005	0.0012	-0.0002	-7.1747	-0.0005	0.0004	0.0002	
 vel 0.02 5.2571	0.8582	-5.6292	-7.3109	-4.6129	1.7821	-5.0651	5.9559	6.2427	9.0419	-1.3376	-4.3323	-6.5929	0.0005	0.0011	-0.0002	-6.0709	-0.0005	0.0004	0.0002	
 vel 0.02 2.5275	2.3912	-6.4937	-14.3044	-3.6382	1.4042	-15.0501	3.4479	13.7081	15.3001	15.5160	-3.2544	-5.5398	-0.0011	-0.0005	-0.0002	-8.3666	-0.0005	0.0004	0.0002	
 vel 0.02 4.2540	5.2202	-5.4061	-12.7485	-2.8667	1.1047	-7.0629	5.1478	12.4989	11.9800	6.3331	-2.6455	-4.4884	-0.0010	-0.0004	-0.0002	-7.1171	0.0011	0.0004	0.0002	
 vel 0.02 4.9741	-2.5459	-4.9249	-11.6939	-2.2518	0.8690	-7.1803	6.4388	10.6440	15.0860	9.7319	-2.1312	-3.5489	0.0006	-0.0004	-0.0002	-6.0665	0.0010	-0.0012	0.0002	
 vel 0.02 -2.3986	-0.2837	-3.9734	-10.6378	-1.7703	0.6818	-7.4680	2.4181	11.0573	12.8599	4.0991	-1.7052	-1.7355	0.0005	-0.0004	0.0014	-5.0181	-0.0006	-0.0011	-0.0014	
 vel 0.02 5.7173	-4.5824	-3.1342	-9.5834	-1.3902	0.5345	-5.4009	5.0369	11.9705	14.9599	6.5902	-1.3564	-1.2048	0.0005	-0.0004	0.0013	-3.9808	-0.0005	0.0005	-0.0013	
 vel 0.02 -4.9924	1.3295	-2.4641	-8.5289	-1.0912	0.4197	-8.1756	1.1420	8.6160	9.6489	9.7371	-1.0744	-0.9269	0.0005	0.0012	-0.0003	-3.1332	-0.0005	0.0004	0.0003	
