4 14
ang 0.5  0  10.25  32.299  -68.61  39.8  -10.26  0  12.25  28.93  -45.79  30.63  -12.26  -44.509  40  20  0  -17.47  -0.009  -20  0 
ang 0.1  0  10.25  20.5  -115.59  45.31  -10.26  0  12.26  28.85  -45.88  30.81  -12.26  -44.509  40  20  0  -17.47  -0.009  -20  0 
ang 0.5  0  30.25  -24.04  -128.188  -40.308  -10.26  -27.345  10.25  10.949  0.639  -0.569  -10.25  -79.189  10  20  0  -20.29  -70  -20  0 
ang 0.4  0  30.25  -24.04  -128.188  -40.308  -10.26  -27.345  10.25  10.949  0.639  -0.569  -10.25  -79.189  10  20  0  -20.29  -70  -20  0 
vel 0.5  -0.214  -2.398  0.331  0.017  -1.997  0  -1.939  -1.229  -0.021  0.066  -0.036  0  2.267  0  0  0  1.365  0  0  0 
vel 0.1  0  -3.208  0.703  0.771  -3.828  0  -1.262  -2  -0.017  0.053  -0.03  0  1.823  0  0  0  1.098  0  0  0 
vel 0.5  -0.507  -1.534  3.729  6.172  -1.137  0  2.26  -0.318  -0.014  -7.181  -2.497  0  -1.99  0  0  0  -8.335  0.001  0  0 
vel 0.4  -0.249  -4.546  6.876  5.261  -1.163  0  2.205  1.595  -0.011  -6.738  -2.338  0  -2.085  -0.001  0.001  0  -7.946  0.001  0  0 
vel 0.02  0  0.534  8.505  0.269  -1.259  0  -0.614  -0.825  -0.008  -5.763  -2.526  0  -1.699  -0.001  0.001  0  -6.809  0  0  0 
vel 0.02  -9.218  -4.994  9.786  9.338  -2.396  5.64  4.066  1.306  -5.138  -9.665  -6.411  -2.36  -7.869  0  0  0  -8.896  0  0  0 
vel 0.02  -9.368  -4.912  9.404  8.683  -2.573  5.287  5.37  2  -4.816  -8.369  -5.705  -2.212  -7.174  0  0  0  -7.644  0  -0.001  0 
vel 0.02  -3.122  -4.058  6.675  7.903  -0.842  4.332  4.757  0.948  -5.629  -7.31  -4.612  -1.782  -6.07  0  0  0  -6.592  0  -0.001  0 
vel 0.02  -8.903  -3.789  8.769  7.171  -1.826  3.254  2.866  -2  -6.493  -14.304  -3.638  -1.404  -8.366  0  0  0  -5.539  0.001  0  0 
vel 0.02  -7.36  -5  8.583  8.894  -0.375  2.645  5.573  -1.746  -5.406  -12.748  -2.866  -1.104  -7.117  -0.001  0  0  -4.488  0.001  0  0 
vel 0.02  -8.429  -4.917  8.846  8.487  0  2.131  5.429  2  -4.924  -11.693  -2.251  -0.869  -6.066  -0.001  0.001  0  -3.548  0  0  0 
vel 0.02  -5.727  -1.27  8.594  7.614  -0.602  1.705  -0.448  1.392  -3.973  -10.637  -1.77  -0.681  -5.018  0  0.001  -0.001  -1.735  0  0  0.001 
vel 0.02  -5.767  -3.649  9.035  9.866  -0.836  1.356  5.54  2  -3.134  -9.583  -1.39  -0.534  -3.98  0  0  -0.001  -1.204  0  0  0.001 
vel 0.02  -10  -2.31  8.216  8.794  -0.295  1.074  -1.812  -1.221  -2.464  -8.528  -1.091  -0.419  -3.133  0  0  0  -0.926  0  -0.001  0 
