4 14 
 
 ang 0.5 -0.0000	-12.2500	28.9300	-45.7900	30.6300	12.2600	-0.0000	-10.2500	32.3000	-68.6100	39.8000	10.2600	-17.4700	0.0090	20.0000	-0.0000	-44.5090	-40.0000	-20.0000	0.0000	
 ang 0.1 -0.0000	-12.2600	28.8500	-45.8800	30.8100	12.2600	-0.0000	-10.2500	20.5000	-115.5900	45.3100	10.2600	-17.4700	0.0090	20.0000	-0.0000	-44.5090	-40.0000	-20.0000	0.0000	
 ang 0.5 -27.3633	-10.2500	10.9490	0.6390	2.5690	10.2500	0.0000	-30.2500	-24.0400	-127.5231	-41.7704	10.2600	-20.2900	70.0000	20.0000	-0.0000	-79.1890	-10.0000	-20.0000	0.0000	
 ang 0.4 -27.3633	-10.2500	10.9490	0.6390	2.5690	10.2500	0.0000	-30.2500	-24.0400	-127.5231	-41.7704	10.2600	-20.2900	70.0000	20.0000	-0.0000	-79.1890	-10.0000	-20.0000	0.0000	
 
 vel 0.02 -2.2110	2.4237	-0.0219	0.0669	-0.0363	0.0008	2.6847	2.0055	-2.6351	2.2042	2.0735	0.0008	1.3654	0.0005	-0.0005	-0.0002	2.2670	-0.0005	0.0004	0.0002	
 vel 0.02 -1.4336	3.4363	-0.0173	0.0531	-0.0303	0.0008	-0.6131	3.7506	-1.3073	2.5081	-7.7473	-0.0008	1.0982	0.0005	-0.0004	-0.0002	1.8238	-0.0005	0.0004	0.0002	
 vel 0.02 0.3979	-1.0403	-0.0143	-7.1814	-2.4977	-0.0008	-1.8579	1.1542	6.1693	7.2464	-0.5533	-0.0007	-8.3356	-0.0011	-0.0004	-0.0002	-1.9907	-0.0005	0.0004	0.0002	
 vel 0.02 2.6959	-2.4958	-0.0114	-6.7388	-2.3388	-0.0007	1.7805	7.5892	7.4255	5.7566	-1.3059	-0.0007	-7.9465	-0.0010	-0.0004	-0.0002	-2.0850	0.0011	-0.0012	0.0002	
 vel 0.02 -0.6533	0.6889	-0.0083	-5.7638	-2.5263	-0.0007	4.7996	-1.0009	7.5456	-0.7348	1.4498	0.0009	-6.8091	0.0006	-0.0004	-0.0002	-1.6993	0.0010	-0.0011	0.0002	
 vel 0.02 2.3902	-3.2953	-5.1385	-9.6657	-6.4116	2.3601	-12.4905	4.4973	9.9809	12.3698	-1.6649	-5.6400	-8.8966	0.0005	-0.0004	-0.0002	-7.8693	-0.0006	0.0005	0.0002	
 vel 0.02 6.6944	-1.8396	-4.8163	-8.3697	-5.7056	2.2125	-9.6815	5.9881	9.8042	13.7878	-1.6809	-5.2875	-7.6441	0.0005	0.0012	-0.0002	-7.1747	-0.0005	0.0004	0.0002	
 vel 0.02 4.6698	0.1350	-5.6292	-7.3109	-4.6129	1.7821	-5.0407	6.2535	7.0405	8.8675	-0.7440	-4.3323	-6.5929	0.0005	0.0011	-0.0002	-6.0709	-0.0005	0.0004	0.0002	
 vel 0.02 2.8197	2.4727	-6.4937	-14.3044	-3.6382	1.4042	-14.9535	4.4301	13.9014	15.0992	14.9274	-3.2544	-5.5398	-0.0011	-0.0005	-0.0002	-8.3666	-0.0005	0.0004	0.0002	
 vel 0.02 4.0637	4.0412	-5.4061	-12.7485	-2.8667	1.1047	-7.7469	5.4301	12.9067	10.9587	6.4053	-2.6455	-4.4884	-0.0010	-0.0004	-0.0002	-7.1171	0.0011	0.0004	0.0002	
 vel 0.02 4.3918	-3.0399	-4.9249	-11.6939	-2.2518	0.8690	-6.9853	6.2012	9.6592	14.1576	9.1837	-2.1312	-3.5489	0.0006	-0.0004	-0.0002	-6.0665	0.0010	-0.0012	0.0002	
 vel 0.02 -1.4545	-0.4587	-3.9734	-10.6378	-1.7703	0.6818	-6.4314	2.1427	11.4730	12.4382	3.6684	-1.7052	-1.7355	0.0005	-0.0004	0.0014	-5.0181	-0.0006	-0.0011	-0.0014	
 vel 0.02 5.4330	-4.1542	-3.1342	-9.5834	-1.3902	0.5345	-4.5886	4.5600	12.3102	14.3585	6.4712	-1.3564	-1.2048	0.0005	-0.0004	0.0013	-3.9808	-0.0005	0.0005	-0.0013	
 vel 0.02 -4.1611	0.7189	-2.4641	-8.5289	-1.0912	0.4197	-8.2276	1.1526	8.1961	10.0722	10.1771	-1.0744	-0.9269	0.0005	0.0012	-0.0003	-3.1332	-0.0005	0.0004	0.0003	
