4 14 
 
 ang 0.5 -0.0000	-12.2500	28.9300	-45.7900	30.6300	12.2600	-0.0000	-10.2500	32.3000	-68.6100	39.8000	10.2600	-17.4700	0.0090	20.0000	-0.0000	-44.5090	-40.0000	-20.0000	0.0000	
 ang 0.1 -0.0000	-12.2600	28.8500	-45.8800	30.8100	12.2600	-0.0000	-10.2500	20.5000	-115.5900	45.3100	10.2600	-17.4700	0.0090	20.0000	-0.0000	-44.5090	-40.0000	-20.0000	0.0000	
 ang 0.5 -27.3454	-10.2500	10.9490	0.6390	-0.5690	10.2500	0.0000	-30.2500	-24.0400	-128.1884	-40.3082	10.2600	-20.2900	70.0000	20.0000	-0.0000	-79.1890	-10.0000	-20.0000	0.0000	
 ang 0.4 -27.3454	-10.2500	10.9490	0.6390	-0.5690	10.2500	0.0000	-30.2500	-24.0400	-128.1884	-40.3082	10.2600	-20.2900	70.0000	20.0000	-0.0000	-79.1890	-10.0000	-20.0000	0.0000	
 
 vel 0.02 -1.9391	1.2293	-0.0219	0.0669	-0.0363	0.0008	-0.2145	2.3983	0.3314	0.0178	-1.9971	0.0008	1.3654	0.0005	-0.0005	-0.0002	2.2670	-0.0005	0.0004	0.0002	
 vel 0.02 -1.2620	2.0000	-0.0173	0.0531	-0.0303	0.0008	0.0000	3.2080	0.7036	0.7713	-3.8287	-0.0008	1.0982	0.0005	-0.0004	-0.0002	1.8238	-0.0005	0.0004	0.0002	
 vel 0.02 2.2606	0.3181	-0.0143	-7.1814	-2.4977	-0.0008	-0.5074	1.5346	3.7291	6.1723	-1.1373	-0.0007	-8.3356	-0.0011	-0.0004	-0.0002	-1.9907	-0.0005	0.0004	0.0002	
 vel 0.02 2.2051	-1.5952	-0.0114	-6.7388	-2.3388	-0.0007	-0.2492	4.5464	6.8766	5.2612	-1.1630	-0.0007	-7.9465	-0.0010	-0.0004	-0.0002	-2.0850	0.0011	-0.0012	0.0002	
 vel 0.02 -0.6149	0.8251	-0.0083	-5.7638	-2.5263	-0.0007	0.0000	-0.5343	8.5057	0.2699	-1.2591	0.0009	-6.8091	0.0006	-0.0004	-0.0002	-1.6993	0.0010	-0.0011	0.0002	
 vel 0.02 4.0663	-1.3068	-5.1385	-9.6657	-6.4116	2.3601	-9.2180	4.9947	9.7869	9.3388	-2.3969	-5.6400	-8.8966	0.0005	-0.0004	-0.0002	-7.8693	-0.0006	0.0005	0.0002	
 vel 0.02 5.3703	-2.0000	-4.8163	-8.3697	-5.7056	2.2125	-9.3683	4.9121	9.4047	8.6833	-2.5736	-5.2875	-7.6441	0.0005	0.0012	-0.0002	-7.1747	-0.0005	0.0004	0.0002	
 vel 0.02 4.7577	-0.9486	-5.6292	-7.3109	-4.6129	1.7821	-3.1226	4.0586	6.6752	7.9031	-0.8424	-4.3323	-6.5929	0.0005	0.0011	-0.0002	-6.0709	-0.0005	0.0004	0.0002	
 vel 0.02 2.8661	2.0000	-6.4937	-14.3044	-3.6382	1.4042	-8.9039	3.7891	8.7695	7.1716	-1.8264	-3.2544	-5.5398	-0.0011	-0.0005	-0.0002	-8.3666	-0.0005	0.0004	0.0002	
 vel 0.02 5.5738	1.7463	-5.4061	-12.7485	-2.8667	1.1047	-7.3601	5.0000	8.5837	8.8947	-0.3751	-2.6455	-4.4884	-0.0010	-0.0004	-0.0002	-7.1171	0.0011	0.0004	0.0002	
 vel 0.02 5.4296	-2.0000	-4.9249	-11.6939	-2.2518	0.8690	-8.4297	4.9174	8.8463	8.4878	0.0000	-2.1312	-3.5489	0.0006	-0.0004	-0.0002	-6.0665	0.0010	-0.0012	0.0002	
 vel 0.02 -0.4487	-1.3925	-3.9734	-10.6378	-1.7703	0.6818	-5.7275	1.2707	8.5945	7.6143	-0.6022	-1.7052	-1.7355	0.0005	-0.0004	0.0014	-5.0181	-0.0006	-0.0011	-0.0014	
 vel 0.02 5.5406	-2.0000	-3.1342	-9.5834	-1.3902	0.5345	-5.7673	3.6490	9.0358	9.8660	-0.8362	-1.3564	-1.2048	0.0005	-0.0004	0.0013	-3.9808	-0.0005	0.0005	-0.0013	
 vel 0.02 -1.8121	1.2216	-2.4641	-8.5289	-1.0912	0.4197	-10.0000	2.3109	8.2164	8.7944	-0.2958	-1.0744	-0.9269	0.0005	0.0012	-0.0003	-3.1332	-0.0005	0.0004	0.0003	