4 14
ang 0.5  0  -10.25  32.299  -68.61  39.8  10.26  0  -12.25  28.93  -45.79  30.63  12.26  -44.509  40  20  0  -17.47  -0.009  -20  0 
ang 0.1  0  -10.25  20.5  -115.59  45.31  10.26  0  -12.26  28.85  -45.88  30.81  12.26  -44.509  40  20  0  -17.47  -0.009  -20  0 
ang 0.5  0  -20.25  -24.04  -127.744  -42.169  10.26  -27.388  -10.25  10.949  0.639  2.569  10.25  -79.189  10  20  0  -20.29  -70  -20  0 
ang 0.4  0  -20.25  -24.04  -127.744  -42.169  10.26  -27.388  -10.25  10.949  0.639  2.569  10.25  -79.189  10  20  0  -20.29  -70  -20  0 
vel 0.5  3.523  1.829  -2.414  2.619  1.905  0  -0.7  2.708  -0.021  0.066  -0.036  0  2.267  0  0  0  1.365  0  0  0 
vel 0.1  0.265  3.344  -0.78  2.956  -8.198  0  -1.874  3.195  -0.017  0.053  -0.03  0  1.823  0  0  0  1.098  0  0  0 
vel 0.5  -2.58  1.516  6.415  7.712  -0.222  0  -0.346  -0.959  -0.014  -7.181  -2.497  0  -1.99  0  0  0  -8.335  0.001  0  0 
vel 0.4  2.299  7.322  7.984  6.274  -1.587  0  2.739  -1.997  -0.011  -6.738  -2.338  0  -2.085  -0.001  0.001  0  -7.946  0.001  0  0 
vel 0.02  6.166  -1.346  6.25  0.027  0.281  0  -1.413  0.316  -0.008  -5.763  -2.526  0  -1.699  -0.001  0.001  0  -6.809  0  0  0 
vel 0.02  -11.469  3.839  11.325  12.089  -1.833  -5.64  1.405  -3.653  -5.138  -9.665  -6.411  2.36  -7.869  0  0  0  -8.896  0  0  0 
vel 0.02  -9.627  6.461  9.729  14.108  -2.453  -5.287  7.426  -1.465  -4.816  -8.369  -5.705  2.212  -7.174  0  0  0  -7.644  0  -0.001  0 
vel 0.02  -4.31  6.621  7.291  8.239  -1.376  -4.332  5.34  0.126  -5.629  -7.31  -4.612  1.782  -6.07  0  0  0  -6.592  0  -0.001  0 
vel 0.02  -15.037  5.677  13.992  13.814  14.431  -3.254  2.193  1.712  -6.493  -14.304  -3.638  1.404  -8.366  0  0  0  -5.539  0.001  0  0 
vel 0.02  -8.285  6.377  12.685  10.525  5.232  -2.645  5.164  3.203  -5.406  -12.748  -2.866  1.104  -7.117  -0.001  0  0  -4.488  0.001  0  0 
vel 0.02  -7.978  6.422  9.858  13.863  8.848  -2.131  3.782  -2.234  -4.924  -11.693  -2.251  0.869  -6.066  -0.001  0.001  0  -3.548  0  0  0 
vel 0.02  -7.952  2.725  12.285  13.214  2.994  -1.705  -0.925  -0.814  -3.973  -10.637  -1.77  0.681  -5.018  0  0.001  -0.001  -1.735  0  0  0.001 
vel 0.02  -3.304  4.366  12.171  13.831  6.41  -1.356  5.639  -3.743  -3.134  -9.583  -1.39  0.534  -3.98  0  0  -0.001  -1.204  0  0  0.001 
vel 0.02  -9.875  1.584  9.11  8.68  10.129  -1.074  -3.395  -0.175  -2.464  -8.528  -1.091  0.419  -3.133  0  0  0  -0.926  0  -0.001  0 
