4 14 
 
 ang 0.5 -0.0000	-12.2500	28.9300	-45.7900	30.6300	12.2600	-0.0000	-10.2500	32.3000	-68.6100	39.8000	10.2600	-17.4700	0.0090	20.0000	-0.0000	-44.5090	-40.0000	-20.0000	0.0000	
 ang 0.1 -0.0000	-12.2600	28.8500	-45.8800	30.8100	12.2600	-0.0000	-10.2500	20.5000	-115.5900	45.3100	10.2600	-17.4700	0.0090	20.0000	-0.0000	-44.5090	-40.0000	-20.0000	0.0000	
 ang 0.5 -28.9415	-10.2500	10.9490	0.6390	-2.5690	10.2500	0.0000	-20.2500	-24.0400	-128.7807	-41.9504	10.2600	-20.2900	70.0000	20.0000	-0.0000	-79.1890	-10.0000	-20.0000	0.0000	
 ang 0.4 -28.9415	-10.2500	10.9490	0.6390	-2.5690	10.2500	0.0000	-20.2500	-24.0400	-128.7807	-41.9504	10.2600	-20.2900	70.0000	20.0000	-0.0000	-79.1890	-10.0000	-20.0000	0.0000	
 
 vel 0.02 -1.5819	2.0307	-0.0219	0.0669	-0.0363	0.0008	2.7107	3.0779	-3.0183	2.9568	0.7013	0.0008	1.3654	0.0005	-0.0005	-0.0002	2.2670	-0.0005	0.0004	0.0002	
 vel 0.02 -2.3013	2.7688	-0.0173	0.0531	-0.0303	0.0008	0.7228	2.4404	-0.1478	2.2493	-6.6584	-0.0008	1.0982	0.0005	-0.0004	-0.0002	1.8238	-0.0005	0.0004	0.0002	
 vel 0.02 1.9571	-0.7530	-0.0143	-7.1814	-2.4977	-0.0008	-3.1209	2.2141	6.4639	9.3778	-1.1074	-0.0007	-8.3356	-0.0011	-0.0004	-0.0002	-1.9907	-0.0005	0.0004	0.0002	
 vel 0.02 1.9354	-3.2762	-0.0114	-6.7388	-2.3388	-0.0007	1.7140	5.5124	7.7959	6.2578	-2.0814	-0.0007	-7.9465	-0.0010	-0.0004	-0.0002	-2.0850	0.0011	-0.0012	0.0002	
 vel 0.02 -2.4192	2.2291	-0.0083	-5.7638	-2.5263	-0.0007	5.5538	-1.1191	6.3439	-1.0293	2.2703	0.0009	-6.8091	0.0006	-0.0004	-0.0002	-1.6993	0.0010	-0.0011	0.0002	
 vel 0.02 0.3640	-3.0934	-5.1385	-9.6657	-6.4116	2.3601	-14.2045	5.5581	9.7061	12.5910	-1.9943	-5.6400	-8.8966	0.0005	-0.0004	-0.0002	-7.8693	-0.0006	0.0005	0.0002	
 vel 0.02 5.5481	-1.5586	-4.8163	-8.3697	-5.7056	2.2125	-9.7899	6.4687	9.6622	14.7876	-1.8847	-5.2875	-7.6441	0.0005	0.0012	-0.0002	-7.1747	-0.0005	0.0004	0.0002	
 vel 0.02 4.3146	-0.5098	-5.6292	-7.3109	-4.6129	1.7821	-6.0793	5.5403	6.2890	7.4337	-0.4787	-4.3323	-6.5929	0.0005	0.0011	-0.0002	-6.0709	-0.0005	0.0004	0.0002	
 vel 0.02 2.7487	0.9864	-6.4937	-14.3044	-3.6382	1.4042	-15.4113	3.6283	13.7570	15.4558	14.9419	-3.2544	-5.5398	-0.0011	-0.0005	-0.0002	-8.3666	-0.0005	0.0004	0.0002	
 vel 0.02 2.3244	5.0833	-5.4061	-12.7485	-2.8667	1.1047	-7.3268	5.0361	12.5502	11.0909	4.4731	-2.6455	-4.4884	-0.0010	-0.0004	-0.0002	-7.1171	0.0011	0.0004	0.0002	
 vel 0.02 6.1230	-3.1964	-4.9249	-11.6939	-2.2518	0.8690	-5.8997	5.5904	11.0500	14.1900	11.0517	-2.1312	-3.5489	0.0006	-0.0004	-0.0002	-6.0665	0.0010	-0.0012	0.0002	
 vel 0.02 -2.1081	-1.0106	-3.9734	-10.6378	-1.7703	0.6818	-8.6047	1.9249	11.3515	13.3060	5.3145	-1.7052	-1.7355	0.0005	-0.0004	0.0014	-5.0181	-0.0006	-0.0011	-0.0014	
 vel 0.02 6.4427	-3.8148	-3.1342	-9.5834	-1.3902	0.5345	-4.7363	3.9646	13.4038	14.8739	5.3855	-1.3564	-1.2048	0.0005	-0.0004	0.0013	-3.9808	-0.0005	0.0005	-0.0013	
 vel 0.02 -5.2752	0.3495	-2.4641	-8.5289	-1.0912	0.4197	-8.6751	0.0181	8.5980	8.9039	9.7360	-1.0744	-0.9269	0.0005	0.0012	-0.0003	-3.1332	-0.0005	0.0004	0.0003	
