4 14
ang 0.5  0  10.25  32.299  -68.61  39.8  -10.26  0  12.25  28.93  -45.79  30.63  -12.26  -44.509  40  20  0  -17.47  -0.009  -20  0 
ang 0.1  0  10.25  20.5  -115.59  45.31  -10.26  0  12.26  28.85  -45.88  30.81  -12.26  -44.509  40  20  0  -17.47  -0.009  -20  0 
ang 0.5  0  10.25  -24.04  -128.862  -42.179  -10.26  -26.542  10.25  10.949  0.639  2.569  -10.25  -79.189  10  20  0  -20.29  -70  -20  0 
ang 0.4  0  10.25  -24.04  -128.862  -42.179  -10.26  -26.542  10.25  10.949  0.639  2.569  -10.25  -79.189  10  20  0  -20.29  -70  -20  0 
vel 0.5  -0.327  -1.536  0  1.19  -0.025  0  0.166  -1.587  -0.021  0.066  -0.036  0  2.267  0  0  0  1.365  0  0  0 
vel 0.1  0  -4.093  0  3.106  -4.058  0  -0.844  -1.418  -0.017  0.053  -0.03  0  1.823  0  0  0  1.098  0  0  0 
vel 0.5  -0.741  -1.488  5.909  8.337  -0.912  0  2.432  -0.129  -0.014  -7.181  -2.497  0  -1.99  0  0  0  -8.335  0.001  0  0 
vel 0.4  -0.447  -5  8.326  4.806  -1.451  0  3.223  2  -0.011  -6.738  -2.338  0  -2.085  -0.001  0.001  0  -7.946  0.001  0  0 
vel 0.02  -0.127  0.775  8.101  0.318  -0.751  0  -2  -0.345  -0.008  -5.763  -2.526  0  -1.699  -0.001  0.001  0  -6.809  0  0  0 
vel 0.02  -9.665  -4.886  9.022  9.44  -1.294  5.64  2.764  2  -5.138  -9.665  -6.411  -2.36  -7.869  0  0  0  -8.896  0  0  0 
vel 0.02  -9.044  -4.941  9.119  9.666  -2.239  5.287  5.356  2  -4.816  -8.369  -5.705  -2.212  -7.174  0  0  0  -7.644  0  -0.001  0 
vel 0.02  -4.268  -5  7.297  9.201  -0.706  4.332  4.108  1.316  -5.629  -7.31  -4.612  -1.782  -6.07  0  0  0  -6.592  0  -0.001  0 
vel 0.02  -9.494  -4.901  9.994  9.536  -0.101  3.254  2.937  -2  -6.493  -14.304  -3.638  -1.404  -8.366  0  0  0  -5.539  0.001  0  0 
vel 0.02  -7.48  -4.961  9.588  8.087  -2.009  2.645  4.911  -1.986  -5.406  -12.748  -2.866  -1.104  -7.117  -0.001  0  0  -4.488  0.001  0  0 
vel 0.02  -7.892  -5  10  10  -0.247  2.131  5.702  1.984  -4.924  -11.693  -2.251  -0.869  -6.066  -0.001  0.001  0  -3.548  0  0  0 
vel 0.02  -7.021  -2.886  9.107  8.723  -0.125  1.705  -0.794  -0.008  -3.973  -10.637  -1.77  -0.681  -5.018  0  0.001  -0.001  -1.735  0  0  0.001 
vel 0.02  -3.587  -5  9.662  7.895  0  1.356  5.503  1.073  -3.134  -9.583  -1.39  -0.534  -3.98  0  0  -0.001  -1.204  0  0  0.001 
vel 0.02  -8.593  -1.249  8.244  7.712  -0.44  1.074  -0.711  -0.428  -2.464  -8.528  -1.091  -0.419  -3.133  0  0  0  -0.926  0  -0.001  0 
