4 14 
 
 ang 0.5 -0.0000	-12.2500	28.9300	-45.7900	30.6300	12.2600	-0.0000	-10.2500	32.3000	-68.6100	39.8000	10.2600	-17.4700	0.0090	20.0000	-0.0000	-44.5090	-40.0000	-20.0000	0.0000	
 ang 0.1 -0.0000	-12.2600	28.8500	-45.8800	30.8100	12.2600	-0.0000	-10.2500	20.5000	-115.5900	45.3100	10.2600	-17.4700	0.0090	20.0000	-0.0000	-44.5090	-40.0000	-20.0000	0.0000	
 ang 0.5 -27.2920	-10.2500	10.9490	0.6390	5.5690	10.2500	0.0000	-30.2500	-24.0400	-128.0180	-41.5761	10.2600	-20.2900	70.0000	20.0000	-0.0000	-79.1890	-10.0000	-20.0000	0.0000	
 ang 0.4 -27.2920	-10.2500	10.9490	0.6390	5.5690	10.2500	0.0000	-30.2500	-24.0400	-128.0180	-41.5761	10.2600	-20.2900	70.0000	20.0000	-0.0000	-79.1890	-10.0000	-20.0000	0.0000	
 
 vel 0.02 -1.7432	1.6531	-0.0219	0.0669	-0.0363	0.0008	2.8983	3.0294	-2.6384	2.8012	4.0836	0.0008	1.3654	0.0005	-0.0005	-0.0002	2.2670	-0.0005	0.0004	0.0002	
 vel 0.02 -1.0326	3.6081	-0.0173	0.0531	-0.0303	0.0008	-0.3631	3.3720	-1.5539	2.7994	-7.8667	-0.0008	1.0982	0.0005	-0.0004	-0.0002	1.8238	-0.0005	0.0004	0.0002	
 vel 0.02 1.3464	-0.9950	-0.0143	-7.1814	-2.4977	-0.0008	-1.8146	1.4975	5.6701	7.7020	-0.9340	-0.0007	-8.3356	-0.0011	-0.0004	-0.0002	-1.9907	-0.0005	0.0004	0.0002	
 vel 0.02 2.8188	-2.5911	-0.0114	-6.7388	-2.3388	-0.0007	1.8219	8.4324	7.8491	5.7023	-1.1325	-0.0007	-7.9465	-0.0010	-0.0004	-0.0002	-2.0850	0.0011	-0.0012	0.0002	
 vel 0.02 -0.1124	1.6049	-0.0083	-5.7638	-2.5263	-0.0007	4.2494	-0.9727	7.1665	-0.5986	1.2085	0.0009	-6.8091	0.0006	-0.0004	-0.0002	-1.6993	0.0010	-0.0011	0.0002	
 vel 0.02 2.4577	-2.7572	-5.1385	-9.6657	-6.4116	2.3601	-12.7404	4.7952	9.6783	12.8212	-2.2702	-5.6400	-8.8966	0.0005	-0.0004	-0.0002	-7.8693	-0.0006	0.0005	0.0002	
 vel 0.02 6.4790	-1.2466	-4.8163	-8.3697	-5.7056	2.2125	-8.7321	5.9916	10.0258	13.8285	-1.9915	-5.2875	-7.6441	0.0005	0.0012	-0.0002	-7.1747	-0.0005	0.0004	0.0002	
 vel 0.02 4.6884	0.4050	-5.6292	-7.3109	-4.6129	1.7821	-4.2250	6.9066	7.8478	9.1801	-0.4962	-4.3323	-6.5929	0.0005	0.0011	-0.0002	-6.0709	-0.0005	0.0004	0.0002	
 vel 0.02 2.8287	3.1962	-6.4937	-14.3044	-3.6382	1.4042	-14.9267	4.4599	13.6290	14.3592	14.8144	-3.2544	-5.5398	-0.0011	-0.0005	-0.0002	-8.3666	-0.0005	0.0004	0.0002	
 vel 0.02 4.5895	4.9702	-5.4061	-12.7485	-2.8667	1.1047	-7.8234	6.8747	13.0858	10.4644	6.2310	-2.6455	-4.4884	-0.0010	-0.0004	-0.0002	-7.1171	0.0011	0.0004	0.0002	
 vel 0.02 4.4569	-2.9835	-4.9249	-11.6939	-2.2518	0.8690	-7.4031	6.0185	10.3559	14.2599	8.8065	-2.1312	-3.5489	0.0006	-0.0004	-0.0002	-6.0665	0.0010	-0.0012	0.0002	
 vel 0.02 -1.4713	-0.0105	-3.9734	-10.6378	-1.7703	0.6818	-6.6083	2.3871	11.4455	12.3855	3.8206	-1.7052	-1.7355	0.0005	-0.0004	0.0014	-5.0181	-0.0006	-0.0011	-0.0014	
 vel 0.02 5.3936	-3.0700	-3.1342	-9.5834	-1.3902	0.5345	-4.8836	4.6450	12.1719	14.9186	5.9825	-1.3564	-1.2048	0.0005	-0.0004	0.0013	-3.9808	-0.0005	0.0005	-0.0013	
 vel 0.02 -4.3323	1.1396	-2.4641	-8.5289	-1.0912	0.4197	-8.2291	0.8357	8.6338	10.1123	10.9127	-1.0744	-0.9269	0.0005	0.0012	-0.0003	-3.1332	-0.0005	0.0004	0.0003	
