4 14 
 
 ang 0.5 -0.0000	-12.2500	28.9300	-45.7900	30.6300	12.2600	-0.0000	-10.2500	32.3000	-68.6100	39.8000	10.2600	-17.4700	0.0090	20.0000	-0.0000	-44.5090	-40.0000	-20.0000	0.0000	
 ang 0.1 -0.0000	-12.2600	28.8500	-45.8800	30.8100	12.2600	-0.0000	-10.2500	20.5000	-115.5900	45.3100	10.2600	-17.4700	0.0090	20.0000	-0.0000	-44.5090	-40.0000	-20.0000	0.0000	
 ang 0.5 -28.9699	-10.2500	10.9490	0.6390	-2.5690	10.2500	0.0000	-30.2500	-24.0400	-128.4551	-42.6479	10.2600	-20.2900	70.0000	20.0000	-0.0000	-79.1890	-10.0000	-20.0000	0.0000	
 ang 0.4 -28.9699	-10.2500	10.9490	0.6390	-2.5690	10.2500	0.0000	-30.2500	-24.0400	-128.4551	-42.6479	10.2600	-20.2900	70.0000	20.0000	-0.0000	-79.1890	-10.0000	-20.0000	0.0000	
 
 vel 0.02 -1.9769	1.4713	-0.0219	0.0669	-0.0363	0.0008	2.5111	2.4796	-3.6180	2.4300	1.6598	0.0008	1.3654	0.0005	-0.0005	-0.0002	2.2670	-0.0005	0.0004	0.0002	
 vel 0.02 -1.9680	3.8199	-0.0173	0.0531	-0.0303	0.0008	-0.0473	2.1786	-0.2308	2.2879	-6.9776	-0.0008	1.0982	0.0005	-0.0004	-0.0002	1.8238	-0.0005	0.0004	0.0002	
 vel 0.02 1.2528	-0.6580	-0.0143	-7.1814	-2.4977	-0.0008	-2.9938	1.0866	6.7580	8.4398	-1.2680	-0.0007	-8.3356	-0.0011	-0.0004	-0.0002	-1.9907	-0.0005	0.0004	0.0002	
 vel 0.02 1.8938	-2.6408	-0.0114	-6.7388	-2.3388	-0.0007	1.9550	5.7072	7.7456	6.5107	-1.9580	-0.0007	-7.9465	-0.0010	-0.0004	-0.0002	-2.0850	0.0011	-0.0012	0.0002	
 vel 0.02 -2.0270	1.8623	-0.0083	-5.7638	-2.5263	-0.0007	4.5271	-1.4003	7.2205	-0.6759	1.7842	0.0009	-6.8091	0.0006	-0.0004	-0.0002	-1.6993	0.0010	-0.0011	0.0002	
 vel 0.02 1.3612	-2.8632	-5.1385	-9.6657	-6.4116	2.3601	-13.6889	5.2285	9.7250	11.9073	-2.6264	-5.6400	-8.8966	0.0005	-0.0004	-0.0002	-7.8693	-0.0006	0.0005	0.0002	
 vel 0.02 6.8676	-1.8005	-4.8163	-8.3697	-5.7056	2.2125	-9.8171	6.2221	9.8333	14.2895	-1.4876	-5.2875	-7.6441	0.0005	0.0012	-0.0002	-7.1747	-0.0005	0.0004	0.0002	
 vel 0.02 4.0163	-0.1310	-5.6292	-7.3109	-4.6129	1.7821	-5.5067	5.8591	6.8842	7.5595	-0.0040	-4.3323	-6.5929	0.0005	0.0011	-0.0002	-6.0709	-0.0005	0.0004	0.0002	
 vel 0.02 3.2737	1.5272	-6.4937	-14.3044	-3.6382	1.4042	-15.0448	3.3083	13.5872	15.2707	14.8061	-3.2544	-5.5398	-0.0011	-0.0005	-0.0002	-8.3666	-0.0005	0.0004	0.0002	
 vel 0.02 2.3907	4.2879	-5.4061	-12.7485	-2.8667	1.1047	-7.7227	5.3077	12.8922	10.7480	5.6881	-2.6455	-4.4884	-0.0010	-0.0004	-0.0002	-7.1171	0.0011	0.0004	0.0002	
 vel 0.02 6.0783	-3.3023	-4.9249	-11.6939	-2.2518	0.8690	-6.1680	5.3725	11.1909	14.1929	11.0103	-2.1312	-3.5489	0.0006	-0.0004	-0.0002	-6.0665	0.0010	-0.0012	0.0002	
 vel 0.02 -2.3063	-0.4340	-3.9734	-10.6378	-1.7703	0.6818	-7.9379	2.0365	10.8726	13.4211	4.6194	-1.7052	-1.7355	0.0005	-0.0004	0.0014	-5.0181	-0.0006	-0.0011	-0.0014	
 vel 0.02 6.5695	-4.3008	-3.1342	-9.5834	-1.3902	0.5345	-5.0654	4.6873	12.8704	15.0620	5.4623	-1.3564	-1.2048	0.0005	-0.0004	0.0013	-3.9808	-0.0005	0.0005	-0.0013	
 vel 0.02 -5.0384	0.5234	-2.4641	-8.5289	-1.0912	0.4197	-8.8927	0.9342	8.5602	8.8014	10.2434	-1.0744	-0.9269	0.0005	0.0012	-0.0003	-3.1332	-0.0005	0.0004	0.0003	
