4 14 
 
 ang 0.5 -0.0000	-12.2500	28.9300	-45.7900	30.6300	12.2600	-0.0000	-10.2500	32.3000	-68.6100	39.8000	10.2600	-17.4700	0.0090	20.0000	-0.0000	-44.5090	-40.0000	-20.0000	0.0000	
 ang 0.1 -0.0000	-12.2600	28.8500	-45.8800	30.8100	12.2600	-0.0000	-10.2500	20.5000	-115.5900	45.3100	10.2600	-17.4700	0.0090	20.0000	-0.0000	-44.5090	-40.0000	-20.0000	0.0000	
 ang 0.5 -28.6697	-10.2500	10.9490	0.6390	-0.5690	10.2500	0.0000	-10.2500	-24.0400	-127.2276	-42.4101	10.2600	-20.2900	70.0000	20.0000	-0.0000	-79.1890	-10.0000	-20.0000	0.0000	
 ang 0.4 -28.6697	-10.2500	10.9490	0.6390	-0.5690	10.2500	0.0000	-10.2500	-24.0400	-127.2276	-42.4101	10.2600	-20.2900	70.0000	20.0000	-0.0000	-79.1890	-10.0000	-20.0000	0.0000	
 
 vel 0.02 -1.8379	2.0240	-0.0219	0.0669	-0.0363	0.0008	2.7765	1.3880	-1.4787	4.0757	3.0372	0.0008	1.3654	0.0005	-0.0005	-0.0002	2.2670	-0.0005	0.0004	0.0002	
 vel 0.02 -2.6799	2.6179	-0.0173	0.0531	-0.0303	0.0008	0.5010	1.9650	-1.1517	3.9367	-6.2360	-0.0008	1.0982	0.0005	-0.0004	-0.0002	1.8238	-0.0005	0.0004	0.0002	
 vel 0.02 -0.6283	-0.4083	-0.0143	-7.1814	-2.4977	-0.0008	-2.8347	1.5192	3.8534	8.1155	-2.3342	-0.0007	-8.3356	-0.0011	-0.0004	-0.0002	-1.9907	-0.0005	0.0004	0.0002	
 vel 0.02 1.9863	-2.6872	-0.0114	-6.7388	-2.3388	-0.0007	2.2613	7.4090	8.6048	6.6504	-1.5173	-0.0007	-7.9465	-0.0010	-0.0004	-0.0002	-2.0850	0.0011	-0.0012	0.0002	
 vel 0.02 -1.2185	1.5188	-0.0083	-5.7638	-2.5263	-0.0007	4.8749	-0.1079	8.2709	-0.6308	0.9163	0.0009	-6.8091	0.0006	-0.0004	-0.0002	-1.6993	0.0010	-0.0011	0.0002	
 vel 0.02 1.6859	-2.1236	-5.1385	-9.6657	-6.4116	2.3601	-12.9960	4.7228	10.6442	12.1151	-3.0172	-5.6400	-8.8966	0.0005	-0.0004	-0.0002	-7.8693	-0.0006	0.0005	0.0002	
 vel 0.02 7.0367	-3.6028	-4.8163	-8.3697	-5.7056	2.2125	-11.0807	6.2028	10.1855	15.0416	-2.5263	-5.2875	-7.6441	0.0005	0.0012	-0.0002	-7.1747	-0.0005	0.0004	0.0002	
 vel 0.02 5.3527	0.2575	-5.6292	-7.3109	-4.6129	1.7821	-5.5678	6.4548	6.6260	9.9173	0.5733	-4.3323	-6.5929	0.0005	0.0011	-0.0002	-6.0709	-0.0005	0.0004	0.0002	
 vel 0.02 2.5448	3.1687	-6.4937	-14.3044	-3.6382	1.4042	-14.8978	3.7908	14.4733	15.3349	15.4987	-3.2544	-5.5398	-0.0011	-0.0005	-0.0002	-8.3666	-0.0005	0.0004	0.0002	
 vel 0.02 4.6267	5.1784	-5.4061	-12.7485	-2.8667	1.1047	-8.1008	5.6740	11.9363	13.6462	5.6493	-2.6455	-4.4884	-0.0010	-0.0004	-0.0002	-7.1171	0.0011	0.0004	0.0002	
 vel 0.02 5.8197	-1.7785	-4.9249	-11.6939	-2.2518	0.8690	-6.9278	6.3816	11.0769	15.3004	10.3096	-2.1312	-3.5489	0.0006	-0.0004	-0.0002	-6.0665	0.0010	-0.0012	0.0002	
 vel 0.02 -1.8395	-0.4851	-3.9734	-10.6378	-1.7703	0.6818	-7.6973	1.9788	10.8944	12.1715	3.6710	-1.7052	-1.7355	0.0005	-0.0004	0.0014	-5.0181	-0.0006	-0.0011	-0.0014	
 vel 0.02 5.5812	-5.3824	-3.1342	-9.5834	-1.3902	0.5345	-5.9372	6.3332	11.4010	14.1973	6.0843	-1.3564	-1.2048	0.0005	-0.0004	0.0013	-3.9808	-0.0005	0.0005	-0.0013	
 vel 0.02 -3.0306	1.3050	-2.4641	-8.5289	-1.0912	0.4197	-7.5122	1.1683	7.8122	9.7217	10.9661	-1.0744	-0.9269	0.0005	0.0012	-0.0003	-3.1332	-0.0005	0.0004	0.0003	