4 14 
 
 ang 0.5 -0.0000	-12.2500	28.9300	-45.7900	30.6300	12.2600	-0.0000	-10.2500	32.3000	-68.6100	39.8000	10.2600	-17.4700	0.0090	20.0000	-0.0000	-44.5090	-40.0000	-20.0000	0.0000	
 ang 0.1 -0.0000	-12.2600	28.8500	-45.8800	30.8100	12.2600	-0.0000	-10.2500	20.5000	-115.5900	45.3100	10.2600	-17.4700	0.0090	20.0000	-0.0000	-44.5090	-40.0000	-20.0000	0.0000	
 ang 0.5 -26.8769	-10.2500	10.9490	0.6390	5.5690	10.2500	0.0000	-20.2500	-24.0400	-127.4644	-42.1214	10.2600	-20.2900	70.0000	20.0000	-0.0000	-79.1890	-10.0000	-20.0000	0.0000	
 ang 0.4 -26.8769	-10.2500	10.9490	0.6390	5.5690	10.2500	0.0000	-20.2500	-24.0400	-127.4644	-42.1214	10.2600	-20.2900	70.0000	20.0000	-0.0000	-79.1890	-10.0000	-20.0000	0.0000	
 
 vel 0.02 -1.8461	1.3174	-0.0219	0.0669	-0.0363	0.0008	2.8895	2.3690	-2.3287	2.9420	3.9642	0.0008	1.3654	0.0005	-0.0005	-0.0002	2.2670	-0.0005	0.0004	0.0002	
 vel 0.02 -2.1222	3.9472	-0.0173	0.0531	-0.0303	0.0008	-0.0456	3.3233	-1.5667	2.5973	-7.8383	-0.0008	1.0982	0.0005	-0.0004	-0.0002	1.8238	-0.0005	0.0004	0.0002	
 vel 0.02 1.4787	-1.0449	-0.0143	-7.1814	-2.4977	-0.0008	-1.6243	1.6736	5.9585	7.1035	-0.8419	-0.0007	-8.3356	-0.0011	-0.0004	-0.0002	-1.9907	-0.0005	0.0004	0.0002	
 vel 0.02 2.1269	-2.6486	-0.0114	-6.7388	-2.3388	-0.0007	1.4576	8.2364	8.5329	6.4121	-1.7185	-0.0007	-7.9465	-0.0010	-0.0004	-0.0002	-2.0850	0.0011	-0.0012	0.0002	
 vel 0.02 -0.6305	1.0469	-0.0083	-5.7638	-2.5263	-0.0007	4.1799	-1.1003	7.0028	0.1859	2.2202	0.0009	-6.8091	0.0006	-0.0004	-0.0002	-1.6993	0.0010	-0.0011	0.0002	
 vel 0.02 2.9303	-1.6769	-5.1385	-9.6657	-6.4116	2.3601	-11.9436	4.3361	9.8753	12.9955	-1.6261	-5.6400	-8.8966	0.0005	-0.0004	-0.0002	-7.8693	-0.0006	0.0005	0.0002	
 vel 0.02 6.4173	-1.6037	-4.8163	-8.3697	-5.7056	2.2125	-8.4073	5.6571	10.3829	13.5513	-1.7081	-5.2875	-7.6441	0.0005	0.0012	-0.0002	-7.1747	-0.0005	0.0004	0.0002	
 vel 0.02 5.5201	0.5238	-5.6292	-7.3109	-4.6129	1.7821	-4.3920	7.2082	7.6413	8.9375	-0.9074	-4.3323	-6.5929	0.0005	0.0011	-0.0002	-6.0709	-0.0005	0.0004	0.0002	
 vel 0.02 3.5414	3.3258	-6.4937	-14.3044	-3.6382	1.4042	-15.3135	4.6561	12.9743	14.1477	14.8103	-3.2544	-5.5398	-0.0011	-0.0005	-0.0002	-8.3666	-0.0005	0.0004	0.0002	
 vel 0.02 4.9714	5.2669	-5.4061	-12.7485	-2.8667	1.1047	-6.9757	6.6446	13.1571	10.7694	5.8197	-2.6455	-4.4884	-0.0010	-0.0004	-0.0002	-7.1171	0.0011	0.0004	0.0002	
 vel 0.02 4.4303	-2.4165	-4.9249	-11.6939	-2.2518	0.8690	-7.5267	5.1683	9.9582	14.8884	9.6383	-2.1312	-3.5489	0.0006	-0.0004	-0.0002	-6.0665	0.0010	-0.0012	0.0002	
 vel 0.02 -1.9753	-0.1185	-3.9734	-10.6378	-1.7703	0.6818	-6.8394	2.3548	11.4054	11.9195	3.6155	-1.7052	-1.7355	0.0005	-0.0004	0.0014	-5.0181	-0.0006	-0.0011	-0.0014	
 vel 0.02 5.5958	-3.5182	-3.1342	-9.5834	-1.3902	0.5345	-5.3311	4.4012	12.1885	14.0498	6.4083	-1.3564	-1.2048	0.0005	-0.0004	0.0013	-3.9808	-0.0005	0.0005	-0.0013	
 vel 0.02 -4.4303	0.8900	-2.4641	-8.5289	-1.0912	0.4197	-8.7126	0.7476	8.5792	10.0790	11.2347	-1.0744	-0.9269	0.0005	0.0012	-0.0003	-3.1332	-0.0005	0.0004	0.0003	
