4 14 
 
 ang 0.5 -0.0000	-12.2500	28.9300	-45.7900	30.6300	12.2600	-0.0000	-10.2500	32.3000	-68.6100	39.8000	10.2600	-17.4700	0.0090	20.0000	-0.0000	-44.5090	-40.0000	-20.0000	0.0000	
 ang 0.1 -0.0000	-12.2600	28.8500	-45.8800	30.8100	12.2600	-0.0000	-10.2500	20.5000	-115.5900	45.3100	10.2600	-17.4700	0.0090	20.0000	-0.0000	-44.5090	-40.0000	-20.0000	0.0000	
 ang 0.5 -28.8368	-10.2500	10.9490	0.6390	-2.5690	10.2500	0.0000	-10.2500	-24.0400	-128.2842	-43.9553	10.2600	-20.2900	70.0000	20.0000	-0.0000	-79.1890	-10.0000	-20.0000	0.0000	
 ang 0.4 -28.8368	-10.2500	10.9490	0.6390	-2.5690	10.2500	0.0000	-10.2500	-24.0400	-128.2842	-43.9553	10.2600	-20.2900	70.0000	20.0000	-0.0000	-79.1890	-10.0000	-20.0000	0.0000	
 
 vel 0.02 -2.6470	2.3381	-0.0219	0.0669	-0.0363	0.0008	2.9509	1.4724	-2.6249	3.2718	2.6152	0.0008	1.3654	0.0005	-0.0005	-0.0002	2.2670	-0.0005	0.0004	0.0002	
 vel 0.02 -2.7717	3.8231	-0.0173	0.0531	-0.0303	0.0008	-0.1652	2.3257	-0.6343	4.7795	-6.7141	-0.0008	1.0982	0.0005	-0.0004	-0.0002	1.8238	-0.0005	0.0004	0.0002	
 vel 0.02 1.4516	-1.4602	-0.0143	-7.1814	-2.4977	-0.0008	-2.0233	-0.7254	5.9942	9.2151	-0.0498	-0.0007	-8.3356	-0.0011	-0.0004	-0.0002	-1.9907	-0.0005	0.0004	0.0002	
 vel 0.02 2.9831	-2.5796	-0.0114	-6.7388	-2.3388	-0.0007	1.9836	4.5203	7.5592	6.7634	-0.5224	-0.0007	-7.9465	-0.0010	-0.0004	-0.0002	-2.0850	0.0011	-0.0012	0.0002	
 vel 0.02 -2.5149	0.7404	-0.0083	-5.7638	-2.5263	-0.0007	3.5413	-1.8936	6.2333	-0.6804	1.3129	0.0009	-6.8091	0.0006	-0.0004	-0.0002	-1.6993	0.0010	-0.0011	0.0002	
 vel 0.02 0.3266	-3.2192	-5.1385	-9.6657	-6.4116	2.3601	-13.4133	5.0420	8.5784	13.2281	-2.7940	-5.6400	-8.8966	0.0005	-0.0004	-0.0002	-7.8693	-0.0006	0.0005	0.0002	
 vel 0.02 7.3444	-0.8366	-4.8163	-8.3697	-5.7056	2.2125	-10.4613	4.7511	10.4918	12.9995	-0.6628	-5.2875	-7.6441	0.0005	0.0012	-0.0002	-7.1747	-0.0005	0.0004	0.0002	
 vel 0.02 4.1505	-0.9777	-5.6292	-7.3109	-4.6129	1.7821	-4.9474	5.3584	8.9569	6.0191	-0.6488	-4.3323	-6.5929	0.0005	0.0011	-0.0002	-6.0709	-0.0005	0.0004	0.0002	
 vel 0.02 3.8837	-0.1346	-6.4937	-14.3044	-3.6382	1.4042	-13.7513	2.3548	14.9080	17.2695	15.6724	-3.2544	-5.5398	-0.0011	-0.0005	-0.0002	-8.3666	-0.0005	0.0004	0.0002	
 vel 0.02 2.5056	4.9556	-5.4061	-12.7485	-2.8667	1.1047	-6.7805	5.1216	12.7960	11.2522	5.9754	-2.6455	-4.4884	-0.0010	-0.0004	-0.0002	-7.1171	0.0011	0.0004	0.0002	
 vel 0.02 6.0005	-3.2462	-4.9249	-11.6939	-2.2518	0.8690	-5.6324	5.8155	12.5549	15.9700	10.4733	-2.1312	-3.5489	0.0006	-0.0004	-0.0002	-6.0665	0.0010	-0.0012	0.0002	
 vel 0.02 -2.6327	0.1925	-3.9734	-10.6378	-1.7703	0.6818	-7.5341	1.5829	10.4145	14.3169	4.8640	-1.7052	-1.7355	0.0005	-0.0004	0.0014	-5.0181	-0.0006	-0.0011	-0.0014	
 vel 0.02 7.1733	-4.3745	-3.1342	-9.5834	-1.3902	0.5345	-3.4252	5.1041	13.2647	14.2040	5.6785	-1.3564	-1.2048	0.0005	-0.0004	0.0013	-3.9808	-0.0005	0.0005	-0.0013	
 vel 0.02 -5.2163	-0.1896	-2.4641	-8.5289	-1.0912	0.4197	-8.4964	0.3891	9.9267	6.7807	8.8549	-1.0744	-0.9269	0.0005	0.0012	-0.0003	-3.1332	-0.0005	0.0004	0.0003	
