4 14
ang 0.5  0  10.25  32.299  -68.61  39.8  -10.26  0  12.25  28.93  -45.79  30.63  -12.26  -44.509  40  20  0  -17.47  -0.009  -20  0 
ang 0.1  0  10.25  20.5  -115.59  45.31  -10.26  0  12.26  28.85  -45.88  30.81  -12.26  -44.509  40  20  0  -17.47  -0.009  -20  0 
ang 0.5  0  30.25  -24.04  -128.121  -42.712  -10.26  -26.857  10.25  10.949  0.639  2.569  -10.25  -79.189  10  20  0  -20.29  -70  -20  0 
ang 0.4  0  30.25  -24.04  -128.121  -42.712  -10.26  -26.857  10.25  10.949  0.639  2.569  -10.25  -79.189  10  20  0  -20.29  -70  -20  0 
vel 0.5  0  -4.639  0.204  1.146  -0.022  0  -0.936  -1.078  -0.021  0.066  -0.036  0  2.267  0  0  0  1.365  0  0  0 
vel 0.1  -0.13  -4.56  1.52  2.429  -5  0  -0.76  -0.844  -0.017  0.053  -0.03  0  1.823  0  0  0  1.098  0  0  0 
vel 0.5  -1.463  -3.168  9.107  7.492  0  0  2.165  -2  -0.014  -7.181  -2.497  0  -1.99  0  0  0  -8.335  0.001  0  0 
vel 0.4  -0.124  -4.664  7.661  4.101  -3.004  0  1.778  1.748  -0.011  -6.738  -2.338  0  -2.085  -0.001  0.001  0  -7.946  0.001  0  0 
vel 0.02  0  -1.03  7.696  0  -0.632  0  -1.932  -1.56  -0.008  -5.763  -2.526  0  -1.699  -0.001  0.001  0  -6.809  0  0  0 
vel 0.02  -8.977  -4.371  9.065  7.656  -1.403  5.64  2.961  1.799  -5.138  -9.665  -6.411  -2.36  -7.869  0  0  0  -8.896  0  0  0 
vel 0.02  -9.001  -4.969  8.068  8.945  -1.493  5.287  6  2  -4.816  -8.369  -5.705  -2.212  -7.174  0  0  0  -7.644  0  -0.001  0 
vel 0.02  -2.561  -4.79  7.181  7.839  -0.046  4.332  5.817  1.95  -5.629  -7.31  -4.612  -1.782  -6.07  0  0  0  -6.592  0  -0.001  0 
vel 0.02  -7.501  -4.613  9.581  9.381  -0.035  3.254  4.498  -1.063  -6.493  -14.304  -3.638  -1.404  -8.366  0  0  0  -5.539  0.001  0  0 
vel 0.02  -8.151  -5  8.849  9.878  -2.102  2.645  4.227  -1.873  -5.406  -12.748  -2.866  -1.104  -7.117  -0.001  0  0  -4.488  0.001  0  0 
vel 0.02  -7.714  -5  9.486  9.675  -0.292  2.131  3.315  1.292  -4.924  -11.693  -2.251  -0.869  -6.066  -0.001  0.001  0  -3.548  0  0  0 
vel 0.02  -5.077  -1.416  9.442  8.594  -0.732  1.705  -1.587  1.862  -3.973  -10.637  -1.77  -0.681  -5.018  0  0.001  -0.001  -1.735  0  0  0.001 
vel 0.02  -4.898  -3.753  8.705  9.827  -1.119  1.356  5.847  1.738  -3.134  -9.583  -1.39  -0.534  -3.98  0  0  -0.001  -1.204  0  0  0.001 
vel 0.02  -9.349  -1.062  9.315  9.196  -0.269  1.074  -1.401  -2  -2.464  -8.528  -1.091  -0.419  -3.133  0  0  0  -0.926  0  -0.001  0 
