4 14 
 
 ang 0.5 -0.0000	-12.2500	28.9300	-45.7900	30.6300	12.2600	-0.0000	-10.2500	32.3000	-68.6100	39.8000	10.2600	-17.4700	0.0090	20.0000	-0.0000	-44.5090	-40.0000	-20.0000	0.0000	
 ang 0.2 -0.0000	-12.2600	28.8500	-45.8800	30.8100	12.2600	-0.0000	-10.2500	20.5000	-115.5900	45.3100	10.2600	-17.4700	0.0090	20.0000	-0.0000	-44.5090	-40.0000	-20.0000	0.0000	
 ang 0.5 -28.0777	-10.2500	10.9490	0.6390	-2.5690	10.2500	0.0000	-30.2500	-24.0400	-128.4569	-42.6505	10.2600	-20.2900	70.0000	20.0000	-0.0000	-79.1890	-10.0000	-20.0000	0.0000	
 ang 0.2 -28.0777	-10.2500	10.9490	0.6390	-2.5690	10.2500	0.0000	-30.2500	-24.0400	-128.4569	-42.6505	10.2600	-20.2900	70.0000	20.0000	-0.0000	-79.1890	-10.0000	-20.0000	0.0000	
 
 vel 0.02 -2.0968	1.6404	-0.0219	0.0669	-0.0363	0.0008	2.5636	1.8709	-3.1507	2.3980	1.8377	0.0008	1.3654	0.0005	-0.0005	-0.0002	2.2670	-0.0005	0.0004	0.0002	
 vel 0.02 -1.8756	3.5454	-0.0173	0.0531	-0.0303	0.0008	-0.3728	2.6022	-0.7730	2.5767	-6.8527	-0.0008	1.0982	0.0005	-0.0004	-0.0002	1.8238	-0.0005	0.0004	0.0002	
 vel 0.02 0.8132	-1.1432	-0.0143	-7.1814	-2.4977	-0.0008	-2.9398	1.2241	6.3739	8.2759	-1.2820	-0.0007	-8.3356	-0.0011	-0.0004	-0.0002	-1.9907	-0.0005	0.0004	0.0002	
 vel 0.02 2.6973	-3.1886	-0.0114	-6.7388	-2.3388	-0.0007	1.4267	6.6940	7.5977	6.5994	-1.2191	-0.0007	-7.9465	-0.0010	-0.0004	-0.0002	-2.0850	0.0011	-0.0012	0.0002	
 vel 0.02 -1.3723	1.3542	-0.0083	-5.7638	-2.5263	-0.0007	4.6311	-0.7617	7.1833	-0.9592	1.3383	0.0009	-6.8091	0.0006	-0.0004	-0.0002	-1.6993	0.0010	-0.0011	0.0002	
 vel 0.02 1.8265	-2.7695	-5.1385	-9.6657	-6.4116	2.3601	-13.1107	5.4431	9.4455	12.6578	-2.7999	-5.6400	-8.8966	0.0005	-0.0004	-0.0002	-7.8693	-0.0006	0.0005	0.0002	
 vel 0.02 6.4028	-2.1216	-4.8163	-8.3697	-5.7056	2.2125	-9.8773	5.9630	10.5055	14.3115	-1.1160	-5.2875	-7.6441	0.0005	0.0012	-0.0002	-7.1747	-0.0005	0.0004	0.0002	
 vel 0.02 4.3131	0.2690	-5.6292	-7.3109	-4.6129	1.7821	-5.2596	5.9961	6.4532	8.0959	-0.0668	-4.3323	-6.5929	0.0005	0.0011	-0.0002	-6.0709	-0.0005	0.0004	0.0002	
 vel 0.02 3.2186	1.6027	-6.4937	-14.3044	-3.6382	1.4042	-14.5658	3.4413	13.7858	15.6199	14.9120	-3.2544	-5.5398	-0.0011	-0.0005	-0.0002	-8.3666	-0.0005	0.0004	0.0002	
 vel 0.02 2.8947	4.2534	-5.4061	-12.7485	-2.8667	1.1047	-7.9650	5.4164	13.1937	10.9121	5.8502	-2.6455	-4.4884	-0.0010	-0.0004	-0.0002	-7.1171	0.0011	0.0004	0.0002	
 vel 0.02 5.7575	-3.0098	-4.9249	-11.6939	-2.2518	0.8690	-6.7217	5.3154	10.5816	14.8388	10.1641	-2.1312	-3.5489	0.0006	-0.0004	-0.0002	-6.0665	0.0010	-0.0012	0.0002	
 vel 0.02 -1.9934	-0.5354	-3.9734	-10.6378	-1.7703	0.6818	-7.0400	2.1007	11.1424	13.0455	4.2596	-1.7052	-1.7355	0.0005	-0.0004	0.0014	-5.0181	-0.0006	-0.0011	-0.0014	
 vel 0.02 5.8920	-4.3259	-3.1342	-9.5834	-1.3902	0.5345	-4.4901	4.6204	12.7390	14.8379	6.2613	-1.3564	-1.2048	0.0005	-0.0004	0.0013	-3.9808	-0.0005	0.0005	-0.0013	
 vel 0.02 -4.8113	0.5083	-2.4641	-8.5289	-1.0912	0.4197	-8.4893	0.9358	8.2806	9.2552	9.5475	-1.0744	-0.9269	0.0005	0.0012	-0.0003	-3.1332	-0.0005	0.0004	0.0003	
