14      6
0       0           0.18        0.34        0.54        0.6
0       0.18        0.34        0.54        0.6         0.74
3       0           0           0           0           0
4       0           0           0           0           0
5       0           8           0           0           0
6       0           8           8           8           8
7       30          20          20          40          40
8       30          20          0           0           0
9       -75         -55         -55         -35         -35
10      -75         -55         -20         -20         -20
11      50          35          35          0           -10
12      50          35          22          22          22
13      0           -8          0           0           0
14      0           -8         -8           -8          -8
