22      7
0       0       0.5         0.6     0.7     0.75     0.8
0       0.5     0.6         0.7     0.75     0.8     0.9
4    	0       0           0       0       0        0
3       0       0           0       0       -14      0
6       13      12         13      13       13       11
5       13      5           0       0        0      0
8       40      20          0       -7      -25     30
7       40      54          32      50      100     5
10       -65     -44        -20     -9      -21     -56
9      -65     -86        -100    -105    -40     -75
12      36      27          22      12      20      34
11      36       5         -30      -40     -35     33
14      -13     -12        -13      -13     -13     -13
13      -13      -5           0       0       0       0
16      -90     -90         -90     -90     -120    -120
15      -90     -90         -90     -90     -120    -120
18      -5       -2          -1       0       0      -4
17       35      15          2       5       5       5
20       90      90         90      90      90      90
19      -90     -90         -90     -90     -90     -90
22       60      38          14      1      0       42
21      -60     -39         -14     -1      0      -42
