10 20 33 40 45 0 0 0 350 0 
0 -0 0 0 0 0 0 0 
-1 -0 1 0 0 0 0 0 
-1 0 0 0 0 0 0 0 
0 2 -3  3 6 -0 -0 0 
0 0 0 -0 -6 0 0 0 
0 -4.3 -3 1 6 0 0 0
0 0 0 -0 -6 0 0 0 
0 2.5 2.9 -3.3 -3 -0 0 0 
0 0 0 0 6 0 0 0 
1.2 0 0 0 0 0 0 0 
1.2 0 0 0 0 0 0 0 



10 20 33 40 45 0 0 0 350 0 
0 -0 0 0 0 0 0 0 
-1 -0 1 0 0 0 0 0 
-1 0 0 0 0 0 0 0 
0 2 -3  3 6 -0 -0 0 
0 0 0 -0 -6 0 0 0 
0 -4.3 -3 1 6 0 0 0
0 0 0 -0 -6 0 0 0 
0 2.5 2.9 -3.3 -3 -0 0 0 
0 0 0 0 6 0 0 0 
1.2 0 0 0 0 0 0 0 
1.2 0 0 0 0 0 0 0 



10 20 33 40 45 0 0 0 350 0 
0 -0 0 0 0 0 0 0 
-1 -0 0.9 0 0 0 0 0 
-1 0 0 0 0 0 0 0 
0 2 -3  3 6 -0 -0 0 
0 0 0 -0 -6 0 0 0 
0 -4.3 -3 1 6 0 0 0
0 0 0 -0 -6 0 0 0 
0 2.5 2.9 -3.3 -3 -0 0 0 
0 0 0 0 6 0 0 0 
1.2 0 0 0 0 0 0 0 
1.2 0 0 0 0 0 0 0 



10 20 33 40 45 0 0 0 350 0
0 -0 0 0 0 0 0 0 
-1 -0 0.7 0 0 0 0 0 
-1 0 0 0 0 0 0 0 
0 2 -3  3 6 -0 -0 0 
0 0 0 -0 -6 0 0 0 
0 -4.3 -3 1 6 0 0 0
0 0 0 -0 -6 0 0 0 
0 2.5 2.9 -3.3 -3 -0 0 0 
0 0 0 0 6 0 0 0 
1.2 0 0 0 0 0 0 0 
1.2 0 0 0 0 0 0 0 



10 20 33 40 45 0 0 0 350 0
0 -0 0 0 0 0 0 0 
-1 -0 0.7 0 0 0 0 0 
-1 0 0 0 0 0 0 0 
0 2 -3  3 6 -0 -0 0 
0 0 0 -0 -6 0 0 0 
0 -4.3 -3 1 6 0 0 0
0 0 0 -0 -6 0 0 0 
0 2.5 2.9 -3.3 -3 -0 0 0 
0 0 0 0 6 0 0 0 
1.2 0 0 0 0 0 0 0 
1.2 0 0 0 0 0 0 0



10 20 33 40 45 0 0 0 350 0
0 -0 0 0 0 0 0 0 
-1 -0 0.6 0 0 0 0 0 
-1 0 0 0 0 0 0 0 
0 2 -3  3 6 -0 -0 0 
0 0 0 -0 -6 0 0 0 
0 -4.3 -3 1 6 0 0 0
0 0 0 -0 -6 0 0 0 
0 2.5 2.9 -3.3 -3 -0 0 0 
0 0 0 0 6 0 0 0 
1.2 0 0 0 0 0 0 0 
1.2 0 0 0 0 0 0 0



10 20 33 40 45 0 0 0 350 0
0 -0 0 0 0 0 0 0 
-1 -0 0.4 0 0 0 0 0 
-1 0 0 0 0 0 0 0 
0 2 -3  3 6 -0 -0 0 
0 0 0 -0 -6 0 0 0 
0 -4.3 -3 1 6 0 0 0
0 0 0 -0 -6 0 0 0 
0 2.5 2.9 -3.3 -3 -0 0 0 
0 0 0 0 6 0 0 0 
1.2 0 0 0 0 0 0 0 
1.2 0 0 0 0 0 0 0



10 20 33 40 45 0 0 0 350 0
0 -0 0 0 0 0 0 0 
-1 -0 0.4 0 0 0 0 0 
-1 0 0 0 0 0 0 0 
0 2 -3  3 6 -0 -0 0 
0 0 0 -0 -6 0 0 0 
0 -4.3 -3 1 6 0 0 0
0 0 0 -0 -6 0 0 0 
0 2.5 2.9 -3.3 -3 -0 0 0 
0 0 0 0 6 0 0 0 
1.2 0 0 0 0 0 0 0 
1.2 0 0 0 0 0 0 0



10 20 33 40 45 0 0 0 350 0
0 -0 0 0 0 0 0 0 
-1 -0 0.25 0 0 0 0 0 
-1 0 0 0 0 0 0 0 
0 2 -3  3 6 -0 -0 0 
0 0 0 -0 -6 0 0 0 
0 -4.3 -3 1 6 0 0 0
0 0 0 -0 -6 0 0 0 
0 2.5 2.9 -3.3 -3 -0 0 0 
0 0 0 0 6 0 0 0 
1.2 0 0 0 0 0 0 0 
1.2 0 0 0 0 0 0 0



10 20 33 40 45 0 0 0 350 0
0 -0 0 0 0 0 0 0 
-1 -0 0 0 0 0 0 0 
-1 0 0 0 0 0 0 0 
0 2 -3  3 6 -0 -0 0 
0 0 0 -0 -6 0 0 0 
0 -4.3 -3 1 6 0 0 0
0 0 0 -0 -6 0 0 0 
0 2.5 2.9 -3.3 -3 -0 0 0 
0 0 0 0 6 0 0 0 
1.2 0 0 0 0 0 0 0 
1.2 0 0 0 0 0 0 0



10 20 33 40 45 0 0 0 350 0 
0 -0 0 0 0 0 0 0 
-1.1 -0 -0.1 0 0 0 0 0 
-1.1 0 0 0 0 0 0 0 
0 2 -3  3 6 -0 -0 0 
0 0 -0.2 -0 -6 0 0 0 
0 -4.3 -3 1 6 0 0 0
0 0 0 0 -6 0 0 0 
0 2.5 2.9 -3.3 -3 -0 0 0 
0 0 0.2 0 6 0 0 0 
1.1 0 0 0 0 0 0 0 
1.3 0 0 0 0 0 0 0 



10 20 33 41 45 0 0 0 350 0 
0 -0 0 0 0 0 0 0 
-1 -0 1 0 0 0 0 0 
-1 0 0 0 0 0 0 0 
0 2 -3  3 6 -0 -0 0 
0 0 0 -0 -6 0 0 0 
0 -4.3 -3 1 6 0 0 0
0 0 0 -0 -6 0 0 0 
0 2.5 2.9 -3.5 -2.7 -0 0 0 
0 0 0 0 6 0 0 0 
1.2 0 0 0 0 0 0 0 
1.2 0 0 0 0 0 0 0 



10 20 33 41 45 0 0 0 350 0 
0 -0 0 0 0 0 0 0 
-1 -0 0.9 0 0 0 0 0 
-1 0 0 0 0 0 0 0 
0 2 -3  3 6 -0 -0 0 
0 0 0 -0 -6 0 0 0 
0 -4.3 -3 1 6 0 0 0
0 0 0 -0 -6 0 0 0 
0 2.5 2.9 -3.5 -2.7 -0 0 0 
0 0 0 0 6 0 0 0 
1.2 0 0 0 0 0 0 0 
1.2 0 0 0 0 0 0 0 



10 20 33 41 45 0 0 0 350 0 
0 -0 0 0 0 0 0 0 
-1 -0 0.9 0 0 0 0 0 
-1 0 0 0 0 0 0 0 
0 2 -3  3 6 -0 -0 0 
0 0 0 -0 -6 0 0 0 
0 -4.3 -3 1 6 0 0 0
0 0 0 -0 -6 0 0 0 
0 2.5 2.9 -3.5 -2.7 -0 0 0 
0 0 0 0 6 0 0 0 
1.2 0 0 0 0 0 0 0 
1.2 0 0 0 0 0 0 0 



10 20 33 41 45 0 0 0 350 0 
0 -0 0 0 0 0 0 0 
-1 -0 0.85 0 0 0 0 0 
-1 0 0 0 0 0 0 0 
0 2 -3  3 6 -0 -0 0 
0 0 0 -0 -6 0 0 0 
0 -4.3 -3 1 6 0 0 0
0 0 0 -0 -6 0 0 0 
0 2.5 2.9 -3.5 -2.7 -0 0 0 
0 0 0 0 6 0 0 0 
1.2 0 0 0 0 0 0 0 
1.2 0 0 0 0 0 0 0 



10 20 33 41 45 0 0 0 350 0 
0 -0 0 0 0 0 0 0 
-1 -0 0.7 0 0 0 0 0 
-1 0 0 0 0 0 0 0 
0 2 -3  3 6 -0 -0 0 
0 0 0 -0 -6 0 0 0 
0 -4.3 -3 1 6 0 0 0
0 0 0 -0 -6 0 0 0 
0 2.5 2.9 -3.5 -2.7 -0 0 0 
0 0 0 0 6 0 0 0 
1.2 0 0 0 0 0 0 0 
1.2 0 0 0 0 0 0 0 



10 20 33 41 45 0 0 0 350 0 
0 -0 0 0 0 0 0 0 
-1 -0 0.7 0 0 0 0 0 
-1 0 0 0 0 0 0 0 
0 2 -3  3 6 -0 -0 0 
0 0 0 -0 -6 0 0 0 
0 -4.3 -3 1 6 0 0 0
0 0 0 -0 -6 0 0 0 
0 2.5 2.9 -3.5 -2.7 -0 0 0 
0 0 0 0 6 0 0 0 
1.2 0 0 0 0 0 0 0 
1.2 0 0 0 0 0 0 0 



10 20 33 41 45 0 0 0 350 0 
0 -0 0 0 0 0 0 0 
-1 -0 0.6 0 0 0 0 0 
-1 0 0 0 0 0 0 0 
0 2 -3  3 6 -0 -0 0 
0 0 0 -0 -6 0 0 0 
0 -4.3 -3 1 6 0 0 0
0 0 0 -0 -6 0 0 0 
0 2.5 2.9 -3.5 -2.7 -0 0 0 
0 0 0 0 6 0 0 0 
1.2 0 0 0 0 0 0 0 
1.2 0 0 0 0 0 0 0 



10 20 33 41 45 0 0 0 350 0 
0 -0 0 0 0 0 0 0 
-1 -0 0.45 0 0 0 0 0 
-1 0 0 0 0 0 0 0 
0 2 -3  3 6 -0 -0 0 
0 0 0 -0 -6 0 0 0 
0 -4.3 -3 1 6 0 0 0
0 0 0 -0 -6 0 0 0 
0 2.5 2.9 -3.5 -2.7 -0 0 0 
0 0 0 0 6 0 0 0 
1.2 0 0 0 0 0 0 0 
1.2 0 0 0 0 0 0 0 



10 20 33 41 45 0 0 0 350 0 
0 -0 0 0 0 0 0 0 
-1 -0 0.35 0 0 0 0 0 
-1 0 0 0 0 0 0 0 
0 2 -3  3 6 -0 -0 0 
0 0 0 -0 -6 0 0 0 
0 -4.3 -3 1 6 0 0 0
0 0 0 -0 -6 0 0 0 
0 2.5 2.9 -3.5 -2.7 -0 0 0 
0 0 0 0 6 0 0 0 
1.2 0 0 0 0 0 0 0 
1.2 0 0 0 0 0 0 0 



10 20 33 41 45 0 0 0 350 0 
0 -0 0 0 0 0 0 0 
-1 -0 0.2 0 0 0 0 0 
-1 0 0 0 0 0 0 0 
0 2 -3  3 6 -0 -0 0 
0 0 0 -0 -6 0 0 0 
0 -4.3 -3 1 6 0 0 0
0 0 0 -0 -6 0 0 0 
0 2.5 2.9 -3.5 -2.7 -0 0 0 
0 0 0 0 6 0 0 0 
1.2 0 0 0 0 0 0 0 
1.2 0 0 0 0 0 0 0 



10 20 33 41 45 0 0 0 350 0 
0 -0 0 0 0 0 0 0 
-1 -0 -0.1 0 0 0 0 0 
-1 0 0 0 0 0 0 0 
0 2 -3  3 6 -0 -0 0 
0 0 0 -0 -6 0 0 0 
0 -4.3 -3 1 6 0 0 0
0 0 0 -0 -6 0 0 0 
0 2.5 2.9 -3.5 -2.7 -0 0 0 
0 0 0 0 6 0 0 0 
1.2 0 0 0 0 0 0 0 
1.2 0 0 0 0 0 0 0 



10 20 33 41 45 0 0 0 350 0 
0 -0 0 0 0 0 0 0 
-1 -0 1 0 0 0 0 0 
-1 0 0 0 0 0 0 0 
0 2 -3 3 6 -0 -0 0 
0 0 0 -0 -6 0 0 0 
0 -4.3 -3 1 6 0 0 0 
0 0 0 -0 -6 0 0 0 
0 2.5 2.9 -3.65 -1 -0 0 0 
0 0 0 0 6 0 0 0 
1.2 0 0 0 0 0 0 0 
1.2 0 0 0 0 0 0 0 



10 20 33 41 45 0 0 0 350 0 
0 -0 0 0 0 0 0 0 
-1 -0 0.9 0 0 0 0 0 
-1 0 0 0 0 0 0 0 
0 2 -3 3 6 -0 -0 0 
0 0 0 -0 -6 0 0 0 
0 -4.3 -3 1 6 0 0 0 
0 0 0 -0 -6 0 0 0 
0 2.5 2.9 -3.65 -1 -0 0 0 
0 0 0 0 6 0 0 0 
1.2 0 0 0 0 0 0 0 
1.2 0 0 0 0 0 0 0 



10 20 33 41 45 0 0 0 350 0 
0 -0 0 0 0 0 0 0 
-1 -0 0.9 0 0 0 0 0 
-1 0 0 0 0 0 0 0 
0 2 -3 3 6 -0 -0 0 
0 0 0 -0 -6 0 0 0 
0 -4.3 -3 1 6 0 0 0 
0 0 0 -0 -6 0 0 0 
0 2.5 2.9 -3.65 -1 -0 0 0 
0 0 0 0 6 0 0 0 
1.2 0 0 0 0 0 0 0 
1.2 0 0 0 0 0 0 0 



10 20 33 41 45 0 0 0 350 0 
0 -0 0 0 0 0 0 0 
-1 -0 0.7 0 0 0 0 0 
-1 0 0 0 0 0 0 0 
0 2 -3 3 6 -0 -0 0 
0 0 0 -0 -6 0 0 0 
0 -4.3 -3 1 6 0 0 0 
0 0 0 -0 -6 0 0 0 
0 2.5 2.9 -3.65 -1 -0 0 0 
0 0 0 0 6 0 0 0 
1.2 0 0 0 0 0 0 0 
1.2 0 0 0 0 0 0 0 



10 20 33 41 45 0 0 0 350 0 
0 -0 0 0 0 0 0 0 
-1 -0 0.7 0 0 0 0 0 
-1 0 0 0 0 0 0 0 
0 2 -3 3 6 -0 -0 0 
0 0 0 -0 -6 0 0 0 
0 -4.3 -3 1 6 0 0 0 
0 0 0 -0 -6 0 0 0 
0 2.5 2.9 -3.65 -1 -0 0 0 
0 0 0 0 6 0 0 0 
1.2 0 0 0 0 0 0 0 
1.2 0 0 0 0 0 0 0 



10 20 33 41 45 0 0 0 350 0 
0 -0 0 0 0 0 0 0 
-1 -0 0.6 0 0 0 0 0 
-1 0 0 0 0 0 0 0 
0 2 -3 3 6 -0 -0 0 
0 0 0 -0 -6 0 0 0 
0 -4.3 -3 1 6 0 0 0 
0 0 0 -0 -6 0 0 0 
0 2.5 2.9 -3.65 -1 -0 0 0 
0 0 0 0 6 0 0 0 
1.2 0 0 0 0 0 0 0 
1.2 0 0 0 0 0 0 0 



10 20 33 41 45 0 0 0 350 0 
0 -0 0 0 0 0 0 0 
-1 -0 0.4 0 0 0 0 0 
-1 0 0 0 0 0 0 0 
0 2 -3 3 6 -0 -0 0 
0 0 0 -0 -6 0 0 0 
0 -4.3 -3 1 6 0 0 0 
0 0 0 -0 -6 0 0 0 
0 2.5 2.9 -3.65 -1 -0 0 0 
0 0 0 0 6 0 0 0 
1.2 0 0 0 0 0 0 0 
1.2 0 0 0 0 0 0 0 



10 20 33 41 45 0 0 0 350 0 
0 -0 0 0 0 0 0 0 
-1 -0 0.35 0 0 0 0 0 
-1 0 0 0 0 0 0 0 
0 2 -3 3 6 -0 -0 0 
0 0 0 -0 -6 0 0 0 
0 -4.3 -3 1 6 0 0 0 
0 0 0 -0 -6 0 0 0 
0 2.5 2.9 -3.65 -1 -0 0 0 
0 0 0 0 6 0 0 0 
1.2 0 0 0 0 0 0 0 
1.2 0 0 0 0 0 0 0 



10 20 33 41 45 0 0 0 350 0 
0 -0 0 0 0 0 0 0 
-1 -0 0.25 0 0 0 0 0 
-1 0 0 0 0 0 0 0 
0 2 -3 3 6 -0 -0 0 
0 0 0 -0 -6 0 0 0 
0 -4.3 -3 1 6 0 0 0 
0 0 0 -0 -6 0 0 0 
0 2.5 2.9 -3.65 -1 -0 0 0 
0 0 0 0 6 0 0 0 
1.2 0 0 0 0 0 0 0 
1.2 0 0 0 0 0 0 0 



10 20 33 41 45 0 0 0 350 0 
0 -0 0 0 0 0 0 0 
-1 -0 0.1 0 0 0 0 0 
-1 0 0 0 0 0 0 0 
0 2 -3 3 6 -0 -0 0 
0 0 0 -0 -6 0 0 0 
0 -4.3 -3 1 6 0 0 0 
0 0 0 -0 -6 0 0 0 
0 2.5 2.9 -3.65 -1 -0 0 0 
0 0 0 0 6 0 0 0 
1.2 0 0 0 0 0 0 0 
1.2 0 0 0 0 0 0 0 



10 20 33 41 45 0 0 0 350 0 
0 -0 0 0 0 0 0 0 
-1 -0 -0.1 0 0 0 0 0 
-1 0 0 0 0 0 0 0 
0 2 -3 3 6 -0 -0 0 
0 0 0 -0 -6 0 0 0 
0 -4.3 -3 1 6 0 0 0 
0 0 0 -0 -6 0 0 0 
0 2.5 2.9 -3.65 -1 -0 0 0 
0 0 0 0 6 0 0 0 
1.2 0 0 0 0 0 0 0 
1.2 0 0 0 0 0 0 0 



10 20 33 41 45 0 0 0 350 0 
0 -0 0 0 0 0 0 0 
-1 -0 1 0 0 0 0 0 
-1 0 0 0 0 0 0 0 
0 2 -3 3 6 -0 -0 0 
0 0 0 -0 -6 0 0 0 
0 -4.3 -3 1 6 0 0 0 
0 0 0 -0 -6 0 0 0 
0 2.5 2.9 -3.65 -1 -0 0 0 
0 0 0 0 6 0 0 0 
1.2 0 0 0 0 0 0 0 
1.2 0 0 0 0 0 0 0 



10 20 33 41 45 0 0 0 350 0 
0 -0 0 0 0 0 0 0 
-1 -0 1 0 0 0 0 0 
-1 0 0 0 0 0 0 0 
0 2 -3 3 6 -0 -0 0 
0 0 0 -0 -6 0 0 0 
0 -4.3 -3 1 6 0 0 0 
0 0 0 -0 -6 0 0 0 
0 2.5 2.9 -3.65 -1 -0 0 0 
0 0 0 0 6 0 0 0 
1.2 0 0 0 0 0 0 0 
1.2 0 0 0 0 0 0 0 



10 20 33 41 45 0 0 0 350 0 
0 -0 0 0 0 0 0 0 
-1 -0 0.9 0 0 0 0 0 
-1 0 0 0 0 0 0 0 
0 2 -3 3 6 -0 -0 0 
0 0 0 -0 -6 0 0 0 
0 -4.3 -3 1 6 0 0 0 
0 0 0 -0 -6 0 0 0 
0 2.5 2.9 -3.65 -1 -0 0 0 
0 0 0 0 6 0 0 0 
1.2 0 0 0 0 0 0 0 
1.2 0 0 0 0 0 0 0 



10 20 33 41 45 0 0 0 350 0 
0 -0 0 0 0 0 0 0 
-1 -0 0.7 0 0 0 0 0 
-1 0 0 0 0 0 0 0 
0 2 -3 3 6 -0 -0 0 
0 0 0 -0 -6 0 0 0 
0 -4.3 -3 1 6 0 0 0 
0 0 0 -0 -6 0 0 0 
0 2.5 2.9 -3.65 -1 -0 0 0 
0 0 0 0 6 0 0 0 
1.2 0 0 0 0 0 0 0 
1.2 0 0 0 0 0 0 0 



10 20 33 41 45 0 0 0 350 0 
0 -0 0 0 0 0 0 0 
-1 -0 0.7 0 0 0 0 0 
-1 0 0 0 0 0 0 0 
0 2 -3 3 6 -0 -0 0 
0 0 0 -0 -6 0 0 0 
0 -4.3 -3 1 6 0 0 0 
0 0 0 -0 -6 0 0 0 
0 2.5 2.9 -3.65 -1 -0 0 0 
0 0 0 0 6 0 0 0 
1.2 0 0 0 0 0 0 0 
1.2 0 0 0 0 0 0 0 



10 20 33 41 45 0 0 0 350 0 
0 -0 0 0 0 0 0 0 
-1 -0 0.6 0 0 0 0 0 
-1 0 0 0 0 0 0 0 
0 2 -3 3 6 -0 -0 0 
0 0 0 -0 -6 0 0 0 
0 -4.3 -3 1 6 0 0 0 
0 0 0 -0 -6 0 0 0 
0 2.5 2.9 -3.65 -1 -0 0 0 
0 0 0 0 6 0 0 0 
1.2 0 0 0 0 0 0 0 
1.2 0 0 0 0 0 0 0 



10 20 33 41 45 0 0 0 350 0 
0 -0 0 0 0 0 0 0 
-1 -0 0.4 0 0 0 0 0 
-1 0 0 0 0 0 0 0 
0 2 -3 3 6 -0 -0 0 
0 0 0 -0 -6 0 0 0 
0 -4.3 -3 1 6 0 0 0 
0 0 0 -0 -6 0 0 0 
0 2.5 2.9 -3.65 -1 -0 0 0 
0 0 0 0 6 0 0 0 
1.2 0 0 0 0 0 0 0 
1.2 0 0 0 0 0 0 0 



10 20 33 41 45 0 0 0 350 0 
0 -0 0 0 0 0 0 0 
-1 -0 0.35 0 0 0 0 0 
-1 0 0 0 0 0 0 0 
0 2 -3 3 6 -0 -0 0 
0 0 0 -0 -6 0 0 0 
0 -4.3 -3 1 6 0 0 0 
0 0 0 -0 -6 0 0 0 
0 2.5 2.9 -3.65 -1 -0 0 0 
0 0 0 0 6 0 0 0 
1.2 0 0 0 0 0 0 0 
1.2 0 0 0 0 0 0 0 



10 20 33 41 45 0 0 0 350 0 
0 -0 0 0 0 0 0 0 
-1 -0 0.25 0 0 0 0 0 
-1 0 0 0 0 0 0 0 
0 2 -3 3 6 -0 -0 0 
0 0 0 -0 -6 0 0 0 
0 -4.3 -3 1 6 0 0 0 
0 0 0 -0 -6 0 0 0 
0 2.5 2.9 -3.65 -1 -0 0 0 
0 0 0 0 6 0 0 0 
1.2 0 0 0 0 0 0 0 
1.2 0 0 0 0 0 0 0 



10 20 33 41 45 0 0 0 350 0 
0 -0 0 0 0 0 0 0 
-1 -0 0 0 0 0 0 0 
-1 0 0 0 0 0 0 0 
0 2 -3 3 6 -0 -0 0 
0 0 0 -0 -6 0 0 0 
0 -4.3 -3 1 6 0 0 0 
0 0 0 -0 -6 0 0 0 
0 2.5 2.9 -3.65 -1 -0 0 0 
0 0 0 0 6 0 0 0 
1.2 0 0 0 0 0 0 0 
1.2 0 0 0 0 0 0 0 



10 20 33 41 45 0 0 0 350 0 
0 -0 0 0 0 0 0 0 
-1 -0 -0.1 0 0 0 0 0 
-1 0 0 0 0 0 0 0 
0 2 -3 3 6 -0 -0 0 
0 0 0 -0 -6 0 0 0 
0 -4.3 -3 1 6 0 0 0 
0 0 0 -0 -6 0 0 0 
0 2.5 2.9 -3.65 -1 -0 0 0 
0 0 0 0 6 0 0 0 
1.2 0 0 0 0 0 0 0 
1.2 0 0 0 0 0 0 0 



10 20 33 41 45 0 0 0 350 0 
0 -0 0 0 0 0 0 0 
-1 -0 1 0 0 0 0 0 
-1 0 0 0 0 0 0 0 
0 2 -2 3 6 -0 -0 0 
0 0 -0.5 -0 -6 0 0 0 
0 -4 -3 1 6 0 0 0 
0 0 -0.5 -0 -6 0 0 0 
0 2 2.4 -3.5 -1.5 -0 0 0 
0 0 0.50 0 6 0 0 0 
1.2 0 0 0 0 0 0 0 
1.2 0 0 0 0 0 0 0 



10 20 33 41 45 0 0 0 350 0 
0 -0 0 0 0 0 0 0 
-1 -0 1 0 0 0 0 0 
-1 0 0 0 0 0 0 0 
0 2 -2 3 6 -0 -0 0 
0 0 -0.5 -0 -6 0 0 0 
0 -4 -3 1 6 0 0 0 
0 0 -0.5 -0 -6 0 0 0 
0 2 2.4 -3.5 -1.5 -0 0 0 
0 0 0.50 0 6 0 0 0 
1.2 0 0 0 0 0 0 0 
1.2 0 0 0 0 0 0 0 



10 20 33 41 45 0 0 0 350 0 
0 -0 0 0 0 0 0 0 
-1 -0 0.9 0 0 0 0 0 
-1 0 0 0 0 0 0 0 
0 2 -2 3 6 -0 -0 0 
0 0 -0.5 -0 -6 0 0 0 
0 -4 -3 1 6 0 0 0 
0 0 -0.5 -0 -6 0 0 0 
0 2 2.4 -3.5 -1.5 -0 0 0 
0 0 0.50 0 6 0 0 0 
1.2 0 0 0 0 0 0 0 
1.2 0 0 0 0 0 0 0 



10 20 33 41 45 0 0 0 350 0 
0 -0 0 0 0 0 0 0 
-1 -0 0.7 0 0 0 0 0 
-1 0 0 0 0 0 0 0 
0 2 -2 3 6 -0 -0 0 
0 0 -0.5 -0 -6 0 0 0 
0 -4 -3 1 6 0 0 0 
0 0 -0.5 -0 -6 0 0 0 
0 2 2.4 -3.5 -1.5 -0 0 0 
0 0 0.50 0 6 0 0 0 
1.2 0 0 0 0 0 0 0 
1.2 0 0 0 0 0 0 0 



10 20 33 41 45 0 0 0 350 0 
0 -0 0 0 0 0 0 0 
-1 -0 0.7 0 0 0 0 0 
-1 0 0 0 0 0 0 0 
0 2 -2 3 6 -0 -0 0 
0 0 -0.5 -0 -6 0 0 0 
0 -4 -3 1 6 0 0 0 
0 0 -0.5 -0 -6 0 0 0 
0 2 2.4 -3.5 -1.5 -0 0 0 
0 0 0.50 0 6 0 0 0 
1.2 0 0 0 0 0 0 0 
1.2 0 0 0 0 0 0 0 



10 20 33 41 45 0 0 0 350 0 
0 -0 0 0 0 0 0 0 
-1 -0 0.6 0 0 0 0 0 
-1 0 0 0 0 0 0 0 
0 2 -2 3 6 -0 -0 0 
0 0 -0.5 -0 -6 0 0 0 
0 -4 -3 1 6 0 0 0 
0 0 -0.5 -0 -6 0 0 0 
0 2 2.4 -3.5 -1.5 -0 0 0 
0 0 0.50 0 6 0 0 0 
1.2 0 0 0 0 0 0 0 
1.2 0 0 0 0 0 0 0 



10 20 33 41 45 0 0 0 350 0 
0 -0 0 0 0 0 0 0 
-1 -0 0.4 0 0 0 0 0 
-1 0 0 0 0 0 0 0 
0 2 -2 3 6 -0 -0 0 
0 0 -0.5 -0 -6 0 0 0 
0 -4 -3 1 6 0 0 0 
0 0 -0.5 -0 -6 0 0 0 
0 2 2.4 -3.5 -1.5 -0 0 0 
0 0 0.50 0 6 0 0 0 
1.2 0 0 0 0 0 0 0 
1.2 0 0 0 0 0 0 0 



10 20 33 41 45 0 0 0 350 0 
0 -0 0 0 0 0 0 0 
-1 -0 0.35 0 0 0 0 0 
-1 0 0 0 0 0 0 0 
0 2 -2 3 6 -0 -0 0 
0 0 -0.5 -0 -6 0 0 0 
0 -4 -3 1 6 0 0 0 
0 0 -0.5 -0 -6 0 0 0 
0 2 2.4 -3.5 -1.5 -0 0 0 
0 0 0.50 0 6 0 0 0 
1.2 0 0 0 0 0 0 0 
1.2 0 0 0 0 0 0 0 



10 20 33 41 45 0 0 0 350 0 
0 -0 0 0 0 0 0 0 
-1 -0 0.2 0 0 0 0 0 
-1 0 0 0 0 0 0 0 
0 2 -2 3 6 -0 -0 0 
0 0 -0.5 -0 -6 0 0 0 
0 -4 -3 1 6 0 0 0 
0 0 -0.5 -0 -6 0 0 0 
0 2 2.4 -3.5 -1.5 -0 0 0 
0 0 0.50 0 6 0 0 0 
1.2 0 0 0 0 0 0 0 
1.2 0 0 0 0 0 0 0 



10 20 33 41 45 0 0 0 350 0 
0 -0 0 0 0 0 0 0 
-1 -0 0 0 0 0 0 0 
-1 0 0 0 0 0 0 0 
0 2 -2 3 6 -0 -0 0 
0 0 -0.5 -0 -6 0 0 0 
0 -4 -3 1 6 0 0 0 
0 0 -0.5 -0 -6 0 0 0 
0 2 2.4 -3.5 -1.5 -0 0 0 
0 0 0.50 0 6 0 0 0 
1.2 0 0 0 0 0 0 0 
1.2 0 0 0 0 0 0 0 



10 20 33 41 45 0 0 0 350 0 
0 -0 0 0 0 0 0 0 
-1 -0 -0.1 0 0 0 0 0 
-1 0 0 0 0 0 0 0 
0 2 -2 3 6 -0 -0 0 
0 0 -0.5 -0 -6 0 0 0 
0 -4 -3 1 6 0 0 0 
0 0 -0.5 -0 -6 0 0 0 
0 2 2.4 -3.5 -1.5 -0 0 0 
0 0 0.50 0 6 0 0 0 
1.2 0 0 0 0 0 0 0 
1.2 0 0 0 0 0 0 0 



10 20 33 41 45 0 0 0 350 0 
0 -0 0 0 0 0 0 0 
-1 -0 1 0 0 0 0 0 
-1 0 0 0 0 0 0 0 
0 2 -2 3 6 -0 -0 0 
0 0 -0.6 -0 -6 0 0 0 
0 -4 -3 1 6 0 0 0 
0 0 -0.6 -0 -6 0 0 0 
0 2 2.4 -3.6 -1.4 -0 0 0 
0 0 0.6 0 6 0 0 0 
1.2 0 0 0 0 0 0 0 
1.2 0 0 0 0 0 0 0 



10 20 33 41 45 0 0 0 350 0 
0 -0 0 0 0 0 0 0 
-1 -0 1 0 0 0 0 0 
-1 0 0 0 0 0 0 0 
0 2 -2 3 6 -0 -0 0 
0 0 -0.6 -0 -6 0 0 0 
0 -4 -3 1 6 0 0 0 
0 0 -0.6 -0 -6 0 0 0 
0 2 2.4 -3.6 -1.4 -0 0 0 
0 0 0.6 0 6 0 0 0 
1.2 0 0 0 0 0 0 0 
1.2 0 0 0 0 0 0 0 



10 20 33 41 45 0 0 0 350 0 
0 -0 0 0 0 0 0 0 
-1 -0 0.9 0 0 0 0 0 
-1 0 0 0 0 0 0 0 
0 2 -2 3 6 -0 -0 0 
0 0 -0.6 -0 -6 0 0 0 
0 -4 -3 1 6 0 0 0 
0 0 -0.6 -0 -6 0 0 0 
0 2 2.4 -3.6 -1.4 -0 0 0 
0 0 0.6 0 6 0 0 0 
1.2 0 0 0 0 0 0 0 
1.2 0 0 0 0 0 0 0 



10 20 33 41 45 0 0 0 350 0 
0 -0 0 0 0 0 0 0 
-1 -0 0.7 0 0 0 0 0 
-1 0 0 0 0 0 0 0 
0 2 -2 3 6 -0 -0 0 
0 0 -0.6 -0 -6 0 0 0 
0 -4 -3 1 6 0 0 0 
0 0 -0.6 -0 -6 0 0 0 
0 2 2.4 -3.6 -1.4 -0 0 0 
0 0 0.6 0 6 0 0 0 
1.2 0 0 0 0 0 0 0 
1.2 0 0 0 0 0 0 0 



10 20 33 41 45 0 0 0 350 0 
0 -0 0 0 0 0 0 0 
-1 -0 0.7 0 0 0 0 0 
-1 0 0 0 0 0 0 0 
0 2 -2 3 6 -0 -0 0 
0 0 -0.6 -0 -6 0 0 0 
0 -4 -3 1 6 0 0 0 
0 0 -0.6 -0 -6 0 0 0 
0 2 2.4 -3.6 -1.4 -0 0 0 
0 0 0.6 0 6 0 0 0 
1.2 0 0 0 0 0 0 0 
1.2 0 0 0 0 0 0 0 



10 20 33 41 45 0 0 0 350 0 
0 -0 0 0 0 0 0 0 
-1 -0 0.6 0 0 0 0 0 
-1 0 0 0 0 0 0 0 
0 2 -2 3 6 -0 -0 0 
0 0 -0.6 -0 -6 0 0 0 
0 -4 -3 1 6 0 0 0 
0 0 -0.6 -0 -6 0 0 0 
0 2 2.4 -3.6 -1.4 -0 0 0 
0 0 0.6 0 6 0 0 0 
1.2 0 0 0 0 0 0 0 
1.2 0 0 0 0 0 0 0 



10 20 33 41 45 0 0 0 350 0 
0 -0 0 0 0 0 0 0 
-1 -0 0.45 0 0 0 0 0 
-1 0 0 0 0 0 0 0 
0 2 -2 3 6 -0 -0 0 
0 0 -0.6 -0 -6 0 0 0 
0 -4 -3 1 6 0 0 0 
0 0 -0.6 -0 -6 0 0 0 
0 2 2.4 -3.6 -1.4 -0 0 0 
0 0 0.6 0 6 0 0 0 
1.2 0 0 0 0 0 0 0 
1.2 0 0 0 0 0 0 0 



10 20 33 41 45 0 0 0 350 0 
0 -0 0 0 0 0 0 0 
-1 -0 0.35 0 0 0 0 0 
-1 0 0 0 0 0 0 0 
0 2 -2 3 6 -0 -0 0 
0 0 -0.6 -0 -6 0 0 0 
0 -4 -3 1 6 0 0 0 
0 0 -0.6 -0 -6 0 0 0 
0 2 2.4 -3.6 -1.4 -0 0 0 
0 0 0.6 0 6 0 0 0 
1.2 0 0 0 0 0 0 0 
1.2 0 0 0 0 0 0 0 



10 20 33 41 45 0 0 0 350 0 
0 -0 0 0 0 0 0 0 
-1 -0 0.2 0 0 0 0 0 
-1 0 0 0 0 0 0 0 
0 2 -2 3 6 -0 -0 0 
0 0 -0.6 -0 -6 0 0 0 
0 -4 -3 1 6 0 0 0 
0 0 -0.6 -0 -6 0 0 0 
0 2 2.4 -3.6 -1.4 -0 0 0 
0 0 0.6 0 6 0 0 0 
1.2 0 0 0 0 0 0 0 
1.2 0 0 0 0 0 0 0 



10 20 33 41 45 0 0 0 350 0 
0 -0 0 0 0 0 0 0 
-1 -0 0 0 0 0 0 0 
-1 0 0 0 0 0 0 0 
0 2 -2 3 6 -0 -0 0 
0 0 -0.6 -0 -6 0 0 0 
0 -4 -3 1 6 0 0 0 
0 0 -0.6 -0 -6 0 0 0 
0 2 2.4 -3.6 -1.4 -0 0 0 
0 0 0.6 0 6 0 0 0 
1.2 0 0 0 0 0 0 0 
1.2 0 0 0 0 0 0 0 



10 20 33 41 45 0 0 0 350 0 
0 -0 0 0 0 0 0 0 
-1 -0 -0.1 0 0 0 0 0 
-1 0 0 0 0 0 0 0 
0 2 -2 3 6 -0 -0 0 
0 0 -0.6 -0 -6 0 0 0 
0 -4 -3 1 6 0 0 0 
0 0 -0.6 -0 -6 0 0 0 
0 2 2.4 -3.6 -1.4 -0 0 0 
0 0 0.6 0 6 0 0 0 
1.2 0 0 0 0 0 0 0 
1.2 0 0 0 0 0 0 0 



10 20 33 42 46 0 0 0 350 0 
0 -0 0 0 0 0 0 0 
-1 -0 1 0 0 0 0 0 
-1 0 0 0 0 0 0 0 
0 2 -2 3 6 -0 -0 0 
0 0 -0.62 -0 -6 0 0 0 
0 -4 -3 1 6 0 0 0 
0 0 -0.62 -0 -6 0 0 0 
0 2 2.4 -4 -1.3 -0 0 0 
0 0 0.62 0 6 0 0 0 
1.2 0 -1 0 0 0 0 0 
1.2 0 0 0 0 0 0 0 



10 20 33 42 46 0 0 0 350 0 
0 -0 0 0 0 0 0 0 
-1 -0 1 0 0 0 0 0 
-1 0 0 0 0 0 0 0 
0 2 -2 3 6 -0 -0 0 
0 0 -0.62 -0 -6 0 0 0 
0 -4 -3 1 6 0 0 0 
0 0 -0.62 -0 -6 0 0 0 
0 2 2.4 -4 -1.3 -0 0 0 
0 0 0.62 0 6 0 0 0 
1.2 0 -1 0 0 0 0 0 
1.2 0 0 0 0 0 0 0 



10 20 33 42 46 0 0 0 350 0 
0 -0 0 0 0 0 0 0 
-1 -0 0.9 0 0 0 0 0 
-1 0 0 0 0 0 0 0 
0 2 -2 3 6 -0 -0 0 
0 0 -0.62 -0 -6 0 0 0 
0 -4 -3 1 6 0 0 0 
0 0 -0.62 -0 -6 0 0 0 
0 2 2.4 -4 -1.3 -0 0 0 
0 0 0.62 0 6 0 0 0 
1.2 0 -1 0 0 0 0 0 
1.2 0 0 0 0 0 0 0 



10 20 33 42 46 0 0 0 350 0 
0 -0 0 0 0 0 0 0 
-1 -0 0.7 0 0 0 0 0 
-1 0 0 0 0 0 0 0 
0 2 -2 3 6 -0 -0 0 
0 0 -0.62 -0 -6 0 0 0 
0 -4 -3 1 6 0 0 0 
0 0 -0.62 -0 -6 0 0 0 
0 2 2.4 -4 -1.3 -0 0 0 
0 0 0.62 0 6 0 0 0 
1.2 0 -1 0 0 0 0 0 
1.2 0 0 0 0 0 0 0 



10 20 33 42 46 0 0 0 350 0 
0 -0 0 0 0 0 0 0 
-1 -0 0.7 0 0 0 0 0 
-1 0 0 0 0 0 0 0 
0 2 -2 3 6 -0 -0 0 
0 0 -0.62 -0 -6 0 0 0 
0 -4 -3 1 6 0 0 0 
0 0 -0.62 -0 -6 0 0 0 
0 2 2.4 -4 -1.3 -0 0 0 
0 0 0.62 0 6 0 0 0 
1.2 0 -1 0 0 0 0 0 
1.2 0 0 0 0 0 0 0 



10 20 33 42 46 0 0 0 350 0 
0 -0 0 0 0 0 0 0 
-1 -0 0.6 0 0 0 0 0 
-1 0 0 0 0 0 0 0 
0 2 -2 3 6 -0 -0 0 
0 0 -0.62 -0 -6 0 0 0 
0 -4 -3 1 6 0 0 0 
0 0 -0.62 -0 -6 0 0 0 
0 2 2.4 -4 -1.3 -0 0 0 
0 0 0.62 0 6 0 0 0 
1.2 0 -1 0 0 0 0 0 
1.2 0 0 0 0 0 0 0 



10 20 33 42 46 0 0 0 350 0 
0 -0 0 0 0 0 0 0 
-1 -0 0.45 0 0 0 0 0 
-1 0 0 0 0 0 0 0 
0 2 -2 3 6 -0 -0 0 
0 0 -0.62 -0 -6 0 0 0 
0 -4 -3 1 6 0 0 0 
0 0 -0.62 -0 -6 0 0 0 
0 2 2.4 -4 -1.3 -0 0 0 
0 0 0.62 0 6 0 0 0 
1.2 0 -1 0 0 0 0 0 
1.2 0 0 0 0 0 0 0 



10 20 33 42 46 0 0 0 350 0 
0 -0 0 0 0 0 0 0 
-1 -0 0.35 0 0 0 0 0 
-1 0 0 0 0 0 0 0 
0 2 -2 3 6 -0 -0 0 
0 0 -0.62 -0 -6 0 0 0 
0 -4 -3 1 6 0 0 0 
0 0 -0.62 -0 -6 0 0 0 
0 2 2.4 -4 -1.3 -0 0 0 
0 0 0.62 0 6 0 0 0 
1.2 0 -1 0 0 0 0 0 
1.2 0 0 0 0 0 0 0 



10 20 33 42 46 0 0 0 350 0 
0 -0 0 0 0 0 0 0 
-1 -0 0.25 0 0 0 0 0 
-1 0 0 0 0 0 0 0 
0 2 -2 3 6 -0 -0 0 
0 0 -0.62 -0 -6 0 0 0 
0 -4 -3 1 6 0 0 0 
0 0 -0.62 -0 -6 0 0 0 
0 2 2.4 -4 -1.3 -0 0 0 
0 0 0.62 0 6 0 0 0 
1.2 0 -1 0 0 0 0 0 
1.2 0 0 0 0 0 0 0 



10 20 33 42 46 0 0 0 350 0 
0 -0 0 0 0 0 0 0 
-1 -0 0.05 0 0 0 0 0 
-1 0 0 0 0 0 0 0 
0 2 -2 3 6 -0 -0 0 
0 0 -0.62 -0 -6 0 0 0 
0 -4 -3 1 6 0 0 0 
0 0 -0.62 -0 -6 0 0 0 
0 2 2.4 -4 -1.3 -0 0 0 
0 0 0.62 0 6 0 0 0 
1.2 0 -1 0 0 0 0 0 
1.2 0 0 0 0 0 0 0 



10 20 33 42 46 0 0 0 350 0 
0 -0 0 0 0 0 0 0 
-1 -0 -0.1 0 0 0 0 0 
-1 0 0 0 0 0 0 0 
0 2 -2 3 6 -0 -0 0 
0 0 -0.62 -0 -6 0 0 0 
0 -4 -3 1 6 0 0 0 
0 0 -0.62 -0 -6 0 0 0 
0 2 2.4 -4 -1.3 -0 0 0 
0 0 0.62 0 6 0 0 0 
1.2 0 -1 0 0 0 0 0 
1.2 0 0 0 0 0 0 0 



10 20 33 36 0 0 0 0 150 0 
0 -0 0 0 0 0 0 0 
-1 -0 0.9 0 0 0 0 0 
-1 0 0 0 0 0 0 0 
0 2 0.3 6 0 -0 -0 0 
0 0 -0.7 -6 -0 0 0 0 
0 -3.3372 -2.2248 6 0 0 0 0 
0 0 0.7 -6 1 0 0 0 
0 2.1 0.21 -3.675 0 -0 0 0 
0 0 0.6 6 0 0 0 0 
1 0 -0.7 0 0 0 0 0 
1 0 0 0 0 0 0 0



10 20 33 36 0 0 0 0 150 0 
0 -0 0 0 0 0 0 0 
-1 -0 0.9 0 0 0 0 0 
-1 0 0 0 0 0 0 0 
0 2 0.3 6 0 -0 -0 0 
0 0 -0.7 -6 -0 0 0 0 
0 -3.3372 -2.2248 6 0 0 0 0 
0 0 0.7 -6 1 0 0 0 
0 2.1 0.21 -3.675 0 -0 0 0 
0 0 0.6 6 0 0 0 0 
1 0 -0.7 0 0 0 0 0 
1 0 0 0 0 0 0 0



10 20 33 36 0 0 0 0 150 0 
0 -0 0 0 0 0 0 0 
-1 -0 0.8 0 0 0 0 0 
-1 0 0 0 0 0 0 0 
0 2 0.3 6 0 -0 -0 0 
0 0 -0.7 -6 -0 0 0 0 
0 -3.3372 -2.2248 6 0 0 0 0 
0 0 0.7 -6 1 0 0 0 
0 2.1 0.21 -3.675 0 -0 0 0 
0 0 0.6 6 0 0 0 0 
1 0 -0.7 0 0 0 0 0 
1 0 0 0 0 0 0 0



10 20 33 36 0 0 0 0 150 0 
0 -0 0 0 0 0 0 0 
-1 -0 0.65 0 0 0 0 0 
-1 0 0 0 0 0 0 0 
0 2 0.3 6 0 -0 -0 0 
0 0 -0.7 -6 -0 0 0 0 
0 -3.3372 -2.2248 6 0 0 0 0 
0 0 0.7 -6 1 0 0 0 
0 2.1 0.21 -3.675 0 -0 0 0 
0 0 0.6 6 0 0 0 0 
1 0 -0.7 0 0 0 0 0 
1 0 0 0 0 0 0 0



10 20 33 36 0 0 0 0 150 0 
0 -0 0 0 0 0 0 0 
-1 -0 0.65 0 0 0 0 0 
-1 0 0 0 0 0 0 0 
0 2 0.3 6 0 -0 -0 0 
0 0 -0.7 -6 -0 0 0 0 
0 -3.3372 -2.2248 6 0 0 0 0 
0 0 0.7 -6 1 0 0 0 
0 2.1 0.21 -3.675 0 -0 0 0 
0 0 0.6 6 0 0 0 0 
1 0 -0.7 0 0 0 0 0 
1 0 0 0 0 0 0 0



10 20 33 36 0 0 0 0 150 0 
0 -0 0 0 0 0 0 0 
-1 -0 0.55 0 0 0 0 0 
-1 0 0 0 0 0 0 0 
0 2 0.3 6 0 -0 -0 0 
0 0 -0.7 -6 -0 0 0 0 
0 -3.3372 -2.2248 6 0 0 0 0 
0 0 0.7 -6 1 0 0 0 
0 2.1 0.21 -3.675 0 -0 0 0 
0 0 0.6 6 0 0 0 0 
1 0 -0.7 0 0 0 0 0 
1 0 0 0 0 0 0 0



10 20 33 36 0 0 0 0 150 0 
0 -0 0 0 0 0 0 0 
-1 -0 0.4 0 0 0 0 0 
-1 0 0 0 0 0 0 0 
0 2 0.3 6 0 -0 -0 0 
0 0 -0.7 -6 -0 0 0 0 
0 -3.3372 -2.2248 6 0 0 0 0 
0 0 0.7 -6 1 0 0 0 
0 2.1 0.21 -3.675 0 -0 0 0 
0 0 0.6 6 0 0 0 0 
1 0 -0.7 0 0 0 0 0 
1 0 0 0 0 0 0 0



10 20 33 36 0 0 0 0 150 0 
0 -0 0 0 0 0 0 0 
-1 -0 0.3 0 0 0 0 0 
-1 0 0 0 0 0 0 0 
0 2 0.3 6 0 -0 -0 0 
0 0 -0.7 -6 -0 0 0 0 
0 -3.3372 -2.2248 6 0 0 0 0 
0 0 0.7 -6 1 0 0 0 
0 2.1 0.21 -3.675 0 -0 0 0 
0 0 0.6 6 0 0 0 0 
1 0 -0.7 0 0 0 0 0 
1 0 0 0 0 0 0 0



10 20 33 36 0 0 0 0 150 0 
0 -0 0 0 0 0 0 0 
-1 -0 0.15 0 0 0 0 0 
-1 0 0 0 0 0 0 0 
0 2 0.3 6 0 -0 -0 0 
0 0 -0.7 -6 -0 0 0 0 
0 -3.3372 -2.2248 6 0 0 0 0 
0 0 0.7 -6 1 0 0 0 
0 2.1 0.21 -3.675 0 -0 0 0 
0 0 0.6 6 0 0 0 0 
1 0 -0.7 0 0 0 0 0 
1 0 0 0 0 0 0 0



10 20 33 36 0 0 0 0 150 0 
0 -0 0 0 0 0 0 0 
-1 -0 0 0 0 0 0 0 
-1 0 0 0 0 0 0 0 
0 2 0.3 6 0 -0 -0 0 
0 0 -0.7 -6 -0 0 0 0 
0 -3.3372 -2.2248 6 0 0 0 0 
0 0 0.7 -6 1 0 0 0 
0 2.1 0.21 -3.675 0 -0 0 0 
0 0 0.6 6 0 0 0 0 
1 0 -0.7 0 0 0 0 0 
1 0 0 0 0 0 0 0



10 20 33 36 0 0 0 0 150 0 
0 -0 0 0 0 0 0 0 
-1 -0 -0.15 0 0 0 0 0 
-1 0 0 0 0 0 0 0 
0 2 0.3 6 0 -0 -0 0 
0 0 -0.7 -6 -0 0 0 0 
0 -3.3372 -2.2248 6 0 0 0 0 
0 0 0.7 -6 1 0 0 0 
0 2.1 0.21 -3.675 0 -0 0 0 
0 0 0.6 6 0 0 0 0 
1 0 -0.7 0 0 0 0 0 
1 0 0 0 0 0 0 0



10 20 33 36 0 0 0 0 150 0 
0 -0 0 0 0 0 0 0 
-1 -0 0.9 0 0 0 0 0 
-1 0 0 0 0 0 0 0 
0 2 0 6 0 -0 -0 0 
0 0 -0.7 -6 -0 0 0 0 
0 -3 -1.8 6 0 0 0 0 
0 0 0.7 -6 1 0 0 0 
0 2 0.45 -6 0 -0 0 0 
0 0 0.6 6 0 0 0 0 
1 0 -0.7 0 0 0 0 0 
1 0 0 0 0 0 0 0



10 20 33 36 0 0 0 0 150 0 
0 -0 0 0 0 0 0 0 
-1 -0 0.9 0 0 0 0 0 
-1 0 0 0 0 0 0 0 
0 2 0 6 0 -0 -0 0 
0 0 -0.7 -6 -0 0 0 0 
0 -3 -1.8 6 0 0 0 0 
0 0 0.7 -6 1 0 0 0 
0 2 0.45 -6 0 -0 0 0 
0 0 0.6 6 0 0 0 0 
1 0 -0.7 0 0 0 0 0 
1 0 0 0 0 0 0 0



10 20 33 36 0 0 0 0 150 0 
0 -0 0 0 0 0 0 0 
-1 -0 0.8 0 0 0 0 0 
-1 0 0 0 0 0 0 0 
0 2 0 6 0 -0 -0 0 
0 0 -0.7 -6 -0 0 0 0 
0 -3 -1.8 6 0 0 0 0 
0 0 0.7 -6 1 0 0 0 
0 2 0.45 -6 0 -0 0 0 
0 0 0.6 6 0 0 0 0 
1 0 -0.7 0 0 0 0 0 
1 0 0 0 0 0 0 0



10 20 33 36 0 0 0 0 150 0 
0 -0 0 0 0 0 0 0 
-1 -0 0.65 0 0 0 0 0 
-1 0 0 0 0 0 0 0 
0 2 0 6 0 -0 -0 0 
0 0 -0.7 -6 -0 0 0 0 
0 -3 -1.8 6 0 0 0 0 
0 0 0.7 -6 1 0 0 0 
0 2 0.45 -6 0 -0 0 0 
0 0 0.6 6 0 0 0 0 
1 0 -0.7 0 0 0 0 0 
1 0 0 0 0 0 0 0



10 20 33 36 0 0 0 0 150 0 
0 -0 0 0 0 0 0 0 
-1 -0 0.65 0 0 0 0 0 
-1 0 0 0 0 0 0 0 
0 2 0 6 0 -0 -0 0 
0 0 -0.7 -6 -0 0 0 0 
0 -3 -1.8 6 0 0 0 0 
0 0 0.7 -6 1 0 0 0 
0 2 0.45 -6 0 -0 0 0 
0 0 0.6 6 0 0 0 0 
1 0 -0.7 0 0 0 0 0 
1 0 0 0 0 0 0 0



10 20 33 36 0 0 0 0 150 0 
0 -0 0 0 0 0 0 0 
-1 -0 0.55 0 0 0 0 0 
-1 0 0 0 0 0 0 0 
0 2 0 6 0 -0 -0 0 
0 0 -0.7 -6 -0 0 0 0 
0 -3 -1.8 6 0 0 0 0 
0 0 0.7 -6 1 0 0 0 
0 2 0.45 -6 0 -0 0 0 
0 0 0.6 6 0 0 0 0 
1 0 -0.7 0 0 0 0 0 
1 0 0 0 0 0 0 0



10 20 33 36 0 0 0 0 150 0 
0 -0 0 0 0 0 0 0 
-1 -0 0.4 0 0 0 0 0 
-1 0 0 0 0 0 0 0 
0 2 0 6 0 -0 -0 0 
0 0 -0.7 -6 -0 0 0 0 
0 -3 -1.8 6 0 0 0 0 
0 0 0.7 -6 1 0 0 0 
0 2 0.45 -6 0 -0 0 0 
0 0 0.6 6 0 0 0 0 
1 0 -0.7 0 0 0 0 0 
1 0 0 0 0 0 0 0



10 20 33 36 0 0 0 0 150 0 
0 -0 0 0 0 0 0 0 
-1 -0 0.3 0 0 0 0 0 
-1 0 0 0 0 0 0 0 
0 2 0 6 0 -0 -0 0 
0 0 -0.7 -6 -0 0 0 0 
0 -3 -1.8 6 0 0 0 0 
0 0 0.7 -6 1 0 0 0 
0 2 0.45 -6 0 -0 0 0 
0 0 0.6 6 0 0 0 0 
1 0 -0.7 0 0 0 0 0 
1 0 0 0 0 0 0 0



10 20 33 36 0 0 0 0 150 0 
0 -0 0 0 0 0 0 0 
-1 -0 0.15 0 0 0 0 0 
-1 0 0 0 0 0 0 0 
0 2 0 6 0 -0 -0 0 
0 0 -0.7 -6 -0 0 0 0 
0 -3 -1.8 6 0 0 0 0 
0 0 0.7 -6 1 0 0 0 
0 2 0.45 -6 0 -0 0 0 
0 0 0.6 6 0 0 0 0 
1 0 -0.7 0 0 0 0 0 
1 0 0 0 0 0 0 0



10 20 33 36 0 0 0 0 150 0 
0 -0 0 0 0 0 0 0 
-1 -0 0 0 0 0 0 0 
-1 0 0 0 0 0 0 0 
0 2 0 6 0 -0 -0 0 
0 0 -0.7 -6 -0 0 0 0 
0 -3 -1.8 6 0 0 0 0 
0 0 0.7 -6 1 0 0 0 
0 2 0.45 -6 0 -0 0 0 
0 0 0.6 6 0 0 0 0 
1 0 -0.7 0 0 0 0 0 
1 0 0 0 0 0 0 0



10 20 33 36 0 0 0 0 150 0 
0 -0 0 0 0 0 0 0 
-1 -0 -0.15 0 0 0 0 0 
-1 0 0 0 0 0 0 0 
0 2 0 6 0 -0 -0 0 
0 0 -0.7 -6 -0 0 0 0 
0 -3 -1.8 6 0 0 0 0 
0 0 0.7 -6 1 0 0 0 
0 2 0.45 -6 0 -0 0 0 
0 0 0.6 6 0 0 0 0 
1 0 -0.7 0 0 0 0 0 
1 0 0 0 0 0 0 0



10 20 33 36 0 0 0 0 150 0 
0 -0 0 0 0 0 0 0 
-1 -0 0.9 0 0 0 0 0 
-1 0 0 0 0 0 0 0 
0 2 0 6 0 -0 -0 0 
0 0 -0.7 -6 -0 0 0 0 
0 -3 -1.8 6 0 0 0 0 
0 0 0.7 -6 1 0 0 0 
0 2 0.45 -6 0 -0 0 0 
0 0 0.6 6 0 0 0 0 
1 0 -0.7 0 0 0 0 0 
1 0 0 0 0 0 0 0



10 20 33 36 0 0 0 0 150 0 
0 -0 0 0 0 0 0 0 
-1 -0 0.9 0 0 0 0 0 
-1 0 0 0 0 0 0 0 
0 2 0 6 0 -0 -0 0 
0 0 -0.7 -6 -0 0 0 0 
0 -3 -1.8 6 0 0 0 0 
0 0 0.7 -6 1 0 0 0 
0 2 0.45 -6 0 -0 0 0 
0 0 0.6 6 0 0 0 0 
1 0 -0.7 0 0 0 0 0 
1 0 0 0 0 0 0 0



10 20 33 36 0 0 0 0 150 0 
0 -0 0 0 0 0 0 0 
-1 -0 0.85 0 0 0 0 0 
-1 0 0 0 0 0 0 0 
0 2 0 6 0 -0 -0 0 
0 0 -0.7 -6 -0 0 0 0 
0 -3 -1.8 6 0 0 0 0 
0 0 0.7 -6 1 0 0 0 
0 2 0.45 -6 0 -0 0 0 
0 0 0.6 6 0 0 0 0 
1 0 -0.7 0 0 0 0 0 
1 0 0 0 0 0 0 0



10 20 33 36 0 0 0 0 150 0 
0 -0 0 0 0 0 0 0 
-1 -0 0.65 0 0 0 0 0 
-1 0 0 0 0 0 0 0 
0 2 0 6 0 -0 -0 0 
0 0 -0.7 -6 -0 0 0 0 
0 -3 -1.8 6 0 0 0 0 
0 0 0.7 -6 1 0 0 0 
0 2 0.45 -6 0 -0 0 0 
0 0 0.6 6 0 0 0 0 
1 0 -0.7 0 0 0 0 0 
1 0 0 0 0 0 0 0



10 20 33 36 0 0 0 0 150 0 
0 -0 0 0 0 0 0 0 
-1 -0 0.65 0 0 0 0 0 
-1 0 0 0 0 0 0 0 
0 2 0 6 0 -0 -0 0 
0 0 -0.7 -6 -0 0 0 0 
0 -3 -1.8 6 0 0 0 0 
0 0 0.7 -6 1 0 0 0 
0 2 0.45 -6 0 -0 0 0 
0 0 0.6 6 0 0 0 0 
1 0 -0.7 0 0 0 0 0 
1 0 0 0 0 0 0 0



10 20 33 36 0 0 0 0 150 0 
0 -0 0 0 0 0 0 0 
-1 -0 0.55 0 0 0 0 0 
-1 0 0 0 0 0 0 0 
0 2 0 6 0 -0 -0 0 
0 0 -0.7 -6 -0 0 0 0 
0 -3 -1.8 6 0 0 0 0 
0 0 0.7 -6 1 0 0 0 
0 2 0.45 -6 0 -0 0 0 
0 0 0.6 6 0 0 0 0 
1 0 -0.7 0 0 0 0 0 
1 0 0 0 0 0 0 0



10 20 33 36 0 0 0 0 150 0 
0 -0 0 0 0 0 0 0 
-1 -0 0.4 0 0 0 0 0 
-1 0 0 0 0 0 0 0 
0 2 0 6 0 -0 -0 0 
0 0 -0.7 -6 -0 0 0 0 
0 -3 -1.8 6 0 0 0 0 
0 0 0.7 -6 1 0 0 0 
0 2 0.45 -6 0 -0 0 0 
0 0 0.6 6 0 0 0 0 
1 0 -0.7 0 0 0 0 0 
1 0 0 0 0 0 0 0



10 20 33 36 0 0 0 0 150 0 
0 -0 0 0 0 0 0 0 
-1 -0 0.3 0 0 0 0 0 
-1 0 0 0 0 0 0 0 
0 2 0 6 0 -0 -0 0 
0 0 -0.7 -6 -0 0 0 0 
0 -3 -1.8 6 0 0 0 0 
0 0 0.7 -6 1 0 0 0 
0 2 0.45 -6 0 -0 0 0 
0 0 0.6 6 0 0 0 0 
1 0 -0.7 0 0 0 0 0 
1 0 0 0 0 0 0 0



10 20 33 36 0 0 0 0 150 0 
0 -0 0 0 0 0 0 0 
-1 -0 0.2 0 0 0 0 0 
-1 0 0 0 0 0 0 0 
0 2 0 6 0 -0 -0 0 
0 0 -0.7 -6 -0 0 0 0 
0 -3 -1.8 6 0 0 0 0 
0 0 0.7 -6 1 0 0 0 
0 2 0.45 -6 0 -0 0 0 
0 0 0.6 6 0 0 0 0 
1 0 -0.7 0 0 0 0 0 
1 0 0 0 0 0 0 0



10 20 33 36 0 0 0 0 150 0 
0 -0 0 0 0 0 0 0 
-1 -0 0.05 0 0 0 0 0 
-1 0 0 0 0 0 0 0 
0 2 0 6 0 -0 -0 0 
0 0 -0.7 -6 -0 0 0 0 
0 -3 -1.8 6 0 0 0 0 
0 0 0.7 -6 1 0 0 0 
0 2 0.45 -6 0 -0 0 0 
0 0 0.6 6 0 0 0 0 
1 0 -0.7 0 0 0 0 0 
1 0 0 0 0 0 0 0



10 20 33 36 0 0 0 0 150 0 
0 -0 0 0 0 0 0 0 
-1 -0 -0.15 0 0 0 0 0 
-1 0 0 0 0 0 0 0 
0 2 0 6 0 -0 -0 0 
0 0 -0.7 -6 -0 0 0 0 
0 -3 -1.8 6 0 0 0 0 
0 0 0.7 -6 1 0 0 0 
0 2 0.45 -6 0 -0 0 0 
0 0 0.6 6 0 0 0 0 
1 0 -0.7 0 0 0 0 0 
1 0 0 0 0 0 0 0



10 20 33 40 43 0 0 0 150 0 
0 -0 0 0 0 0 0 0 
-1 -0 0.9 0 0 0 0 0 
-1 0 0 0 0 0 0 0 
0 2 0.75 -1 6 0  -0 0 
0 0 -1 -0 -6  0 0 0 
0 -3 -1.75 -2  6  0 0 0 
0 0 -1  0 -6 1 0 0 
0  1.1 -1 2  -6 0 -0 0  
0 0 1 0 6  0 0 0 
1.2 0 0 0 0 0 0 0 
1.2 0 0 0 0 0 0 0



10 20 33 40 43 0 0 0 150 0 
0 -0 0 0 0 0 0 0 
-1 -0 0.9 0 0 0 0 0 
-1 0 0 0 0 0 0 0 
0 2 0.75 -1 6 0  -0 0 
0 0 -1 -0 -6  0 0 0 
0 -3 -1.75 -2  6  0 0 0 
0 0 -1  0 -6 1 0 0 
0  1.1 -1 2  -6 0 -0 0  
0 0 1 0 6  0 0 0 
1.2 0 0 0 0 0 0 0 
1.2 0 0 0 0 0 0 0



10 20 33 40 43 0 0 0 150 0 
0 -0 0 0 0 0 0 0 
-1 -0 0.83 0 0 0 0 0 
-1 0 0 0 0 0 0 0 
0 2 0.75 -1 6 0  -0 0 
0 0 -1 -0 -6  0 0 0 
0 -3 -1.75 -2  6  0 0 0 
0 0 -1  0 -6 1 0 0 
0  1.1 -1 2  -6 0 -0 0  
0 0 1 0 6  0 0 0 
1.2 0 0 0 0 0 0 0 
1.2 0 0 0 0 0 0 0



10 20 33 40 43 0 0 0 150 0 
0 -0 0 0 0 0 0 0 
-1 -0 0.65 0 0 0 0 0 
-1 0 0 0 0 0 0 0 
0 2 0.75 -1 6 0  -0 0 
0 0 -1 -0 -6  0 0 0 
0 -3 -1.75 -2  6  0 0 0 
0 0 -1  0 -6 1 0 0 
0  1.1 -1 2  -6 0 -0 0  
0 0 1 0 6  0 0 0 
1.2 0 0 0 0 0 0 0 
1.2 0 0 0 0 0 0 0



10 20 33 40 43 0 0 0 150 0 
0 -0 0 0 0 0 0 0 
-1 -0 0.65 0 0 0 0 0 
-1 0 0 0 0 0 0 0 
0 2 0.75 -1 6 0  -0 0 
0 0 -1 -0 -6  0 0 0 
0 -3 -1.75 -2  6  0 0 0 
0 0 -1  0 -6 1 0 0 
0  1.1 -1 2  -6 0 -0 0  
0 0 1 0 6  0 0 0 
1.2 0 0 0 0 0 0 0 
1.2 0 0 0 0 0 0 0



10 20 33 40 43 0 0 0 150 0 
0 -0 0 0 0 0 0 0 
-1 -0 0.5 0 0 0 0 0 
-1 0 0 0 0 0 0 0 
0 2 0.75 -1 6 0  -0 0 
0 0 -1 -0 -6  0 0 0 
0 -3 -1.75 -2  6  0 0 0 
0 0 -1  0 -6 1 0 0 
0  1.1 -1 2  -6 0 -0 0  
0 0 1 0 6  0 0 0 
1.2 0 0 0 0 0 0 0 
1.2 0 0 0 0 0 0 0



10 20 33 40 43 0 0 0 150 0 
0 -0 0 0 0 0 0 0 
-1 -0 0.4 0 0 0 0 0 
-1 0 0 0 0 0 0 0 
0 2 0.75 -1 6 0  -0 0 
0 0 -1 -0 -6  0 0 0 
0 -3 -1.75 -2  6  0 0 0 
0 0 -1  0 -6 1 0 0 
0  1.1 -1 2  -6 0 -0 0  
0 0 1 0 6  0 0 0 
1.2 0 0 0 0 0 0 0 
1.2 0 0 0 0 0 0 0



10 20 33 40 43 0 0 0 150 0 
0 -0 0 0 0 0 0 0 
-1 -0 0.3 0 0 0 0 0 
-1 0 0 0 0 0 0 0 
0 2 0.75 -1 6 0  -0 0 
0 0 -1 -0 -6  0 0 0 
0 -3 -1.75 -2  6  0 0 0 
0 0 -1  0 -6 1 0 0 
0  1.1 -1 2  -6 0 -0 0  
0 0 1 0 6  0 0 0 
1.2 0 0 0 0 0 0 0 
1.2 0 0 0 0 0 0 0



10 20 33 40 43 0 0 0 150 0 
0 -0 0 0 0 0 0 0 
-1 -0 0.15 0 0 0 0 0 
-1 0 0 0 0 0 0 0 
0 2 0.75 -1 6 0  -0 0 
0 0 -1 -0 -6  0 0 0 
0 -3 -1.75 -2  6  0 0 0 
0 0 -1  0 -6 1 0 0 
0  1.1 -1 2  -6 0 -0 0  
0 0 1 0 6  0 0 0 
1.2 0 0 0 0 0 0 0 
1.2 0 0 0 0 0 0 0



10 20 33 40 43 0 0 0 150 0 
0 -0 0 0 0 0 0 0 
-1 -0 0.0 0 0 0 0 0 
-1 0 0 0 0 0 0 0 
0 2 0.75 -1 6 0  -0 0 
0 0 -1 -0 -6  0 0 0 
0 -3 -1.75 -2  6  0 0 0 
0 0 -1  0 -6 1 0 0 
0  1.1 -1 2  -6 0 -0 0  
0 0 1 0 6  0 0 0 
1.2 0 0 0 0 0 0 0 
1.2 0 0 0 0 0 0 0



10 20 33 40 43 0 0 0 150 0 
0 -0 0 0 0 0 0 0 
-1 -0 -0.15 0 0 0 0 0 
-1 0 0 0 0 0 0 0 
0 2 0.75 -1 6 0  -0 0 
0 0 -1 -0 -6  0 0 0 
0 -3 -1.75 -2  6  0 0 0 
0 0 -1  0 -6 1 0 0 
0  1.1 -1 2  -6 0 -0 0  
0 0 1 0 6  0 0 0 
1.2 0 0 0 0 0 0 0 
1.2 0 0 0 0 0 0 0



10 20 33 37 0 0 0 0 150 0 
0 -0 0 0 0 0 0 0 
-1 -0 0.9 0 0 0 0 0 
-1 0 0 0 0 0 0 0 
0 2 0.75 6 0 -0 -0 0 
0 0 -1.2 -6 -0 0 0 0 
0 -3.1 -1.8 6 0 0 0 0 
0 0 -1.2 -6 1 0 0 0 
0 1.2 -1.4 -2.5 0 -0 0 0 
0 0 1.2 6 0 0 0 0 
1.2 0 0 0 0 0 0 0 
1.2 0 0 0 0 0 0 0 



10 20 33 37 0 0 0 0 150 0 
0 -0 0 0 0 0 0 0 
-1 -0 0.9 0 0 0 0 0 
-1 0 0 0 0 0 0 0 
0 2 0.75 6 0 -0 -0 0 
0 0 -1.2 -6 -0 0 0 0 
0 -3.1 -1.8 6 0 0 0 0 
0 0 -1.2 -6 1 0 0 0 
0 1.2 -1.4 -2.5 0 -0 0 0 
0 0 1.2 6 0 0 0 0 
1.2 0 0 0 0 0 0 0 
1.1 0 0 0 0 0 0 0 



10 20 33 37 0 0 0 0 150 0 
0 -0 0 0 0 0 0 0 
-1 -0 0.8 0 0 0 0 0 
-1 0 0 0 0 0 0 0 
0 2 0.75 6 0 -0 -0 0 
0 0 -1.2 -6 -0 0 0 0 
0 -3.1 -1.8 6 0 0 0 0 
0 0 -1.2 -6 1 0 0 0 
0 1.2 -1.4 -2.5 0 -0 0 0 
0 0 1.2 6 0 0 0 0 
1.2 0 0 0 0 0 0 0 
1.1 0 0 0 0 0 0 0 



10 20 33 37 0 0 0 0 150 0 
0 -0 0 0 0 0 0 0 
-1 -0 0.65 0 0 0 0 0 
-1 0 0 0 0 0 0 0 
0 2 0.75 6 0 -0 -0 0 
0 0 -1.2 -6 -0 0 0 0 
0 -3.1 -1.8 6 0 0 0 0 
0 0 -1.2 -6 1 0 0 0 
0 1.2 -1.4 -2.5 0 -0 0 0 
0 0 1.2 6 0 0 0 0 
1.2 0 0 0 0 0 0 0 
1.1 0 0 0 0 0 0 0 



10 20 33 37 0 0 0 0 150 0 
0 -0 0 0 0 0 0 0 
-1 -0 0.65 0 0 0 0 0 
-1 0 0 0 0 0 0 0 
0 2 0.75 6 0 -0 -0 0 
0 0 -1.2 -6 -0 0 0 0 
0 -3.1 -1.8 6 0 0 0 0 
0 0 -1.2 -6 1 0 0 0 
0 1.2 -1.4 -2.5 0 -0 0 0 
0 0 1.2 6 0 0 0 0 
1.2 0 0 0 0 0 0 0 
1.1 0 0 0 0 0 0 0 



10 20 33 37 0 0 0 0 150 0 
0 -0 0 0 0 0 0 0 
-1 -0 0.9 0 0 0 0 0 
-1 0 0 0 0 0 0 0 
0 2 0.55 6 0 -0 -0 0 
0 0 -1.2 -6 -0 0 0 0 
0 -3.1 -1.8 6 0 0 0 0 
0 0 -1.2 -6 1 0 0 0 
0 1.2 -1.4 -2.5 0 -0 0 0 
0 0 1.2 6 0 0 0 0 
1.2 0 0 0 0 0 0 0 
1.1 0 0 0 0 0 0 0 



10 20 33 37 0 0 0 0 150 0 
0 -0 0 0 0 0 0 0 
-1 -0 0.9 0 0 0 0 0 
-1 0 0 0 0 0 0 0 
0 2 0.4 6 0 -0 -0 0 
0 0 -1.2 -6 -0 0 0 0 
0 -3.1 -1.8 6 0 0 0 0 
0 0 -1.2 -6 1 0 0 0 
0 1.2 -1.4 -2.5 0 -0 0 0 
0 0 1.2 6 0 0 0 0 
1.2 0 0 0 0 0 0 0 
1.1 0 0 0 0 0 0 0 



10 20 33 37 0 0 0 0 150 0 
0 -0 0 0 0 0 0 0 
-1 -0 0.9 0 0 0 0 0 
-1 0 0 0 0 0 0 0 
0 2 0.3 6 0 -0 -0 0 
0 0 -1.2 -6 -0 0 0 0 
0 -3.1 -1.8 6 0 0 0 0 
0 0 -1.2 -6 1 0 0 0 
0 1.2 -1.4 -2.5 0 -0 0 0 
0 0 1.2 6 0 0 0 0 
1.2 0 0 0 0 0 0 0 
1.1 0 0 0 0 0 0 0 



10 20 33 37 0 0 0 0 150 0 
0 -0 0 0 0 0 0 0 
-1 -0 0.15 0 0 0 0 0 
-1 0 0 0 0 0 0 0 
0 2 0.75 6 0 -0 -0 0 
0 0 -1.2 -6 -0 0 0 0 
0 -3.1 -1.8 6 0 0 0 0 
0 0 -1.2 -6 1 0 0 0 
0 1.2 -1.4 -2.5 0 -0 0 0 
0 0 1.2 6 0 0 0 0 
1.2 0 0 0 0 0 0 0 
1.1 0 0 0 0 0 0 0 



10 20 33 37 0 0 0 0 150 0 
0 -0 0 0 0 0 0 0 
-1 -0 0 0 0 0 0 0 
-1 0 0 0 0 0 0 0 
0 2 0.75 6 0 -0 -0 0 
0 0 -1.2 -6 -0 0 0 0 
0 -3.1 -1.8 6 0 0 0 0 
0 0 -1.2 -6 1 0 0 0 
0 1.2 -1.4 -2.5 0 -0 0 0 
0 0 1.2 6 0 0 0 0 
1.2 0 0 0 0 0 0 0 
1.1 0 0 0 0 0 0 0 



10 20 33 37 0 0 0 0 150 0 
0 -0 0 0 0 0 0 0 
-1 -0 -0.15 0 0 0 0 0 
-1 0 0 0 0 0 0 0 
0 2 0.75 6 0 -0 -0 0 
0 0 -1.2 -6 -0 0 0 0 
0 -3.1 -1.8 6 0 0 0 0 
0 0 -1.2 -6 1 0 0 0 
0 1.2 -1.4 -2.5 0 -0 0 0 
0 0 1.2 6 0 0 0 0 
1.2 0 0 0 0 0 0 0 
1.1 0 0 0 0 0 0 0 
