4 14 
 
 ang 0.5 -0.0000	-12.2500	28.9300	-45.7900	30.6300	12.2600	-0.0000	-10.2500	32.3000	-68.6100	39.8000	10.2600	-17.4700	0.0090	20.0000	-0.0000	-44.5090	-40.0000	-20.0000	0.0000	
 ang 0.1 -0.0000	-12.2600	28.8500	-45.8800	30.8100	12.2600	-0.0000	-10.2500	20.5000	-115.5900	45.3100	10.2600	-17.4700	0.0090	20.0000	-0.0000	-44.5090	-40.0000	-20.0000	0.0000	
 ang 0.5 -25.8691	-10.2500	10.9490	0.6390	5.5690	10.2500	0.0000	-10.2500	-24.0400	-127.1252	-42.1255	10.2600	-20.2900	70.0000	20.0000	-0.0000	-79.1890	-10.0000	-20.0000	0.0000	
 ang 0.4 -25.8691	-10.2500	10.9490	0.6390	5.5690	10.2500	0.0000	-10.2500	-24.0400	-127.1252	-42.1255	10.2600	-20.2900	70.0000	20.0000	-0.0000	-79.1890	-10.0000	-20.0000	0.0000	
 
 vel 0.02 -2.5105	0.9394	-0.0219	0.0669	-0.0363	0.0008	3.7106	3.8522	-1.5714	4.0792	5.1723	0.0008	1.3654	0.0005	-0.0005	-0.0002	2.2670	-0.0005	0.0004	0.0002	
 vel 0.02 -2.5875	3.3811	-0.0173	0.0531	-0.0303	0.0008	-0.5467	2.8598	-1.2236	3.2882	-8.0758	-0.0008	1.0982	0.0005	-0.0004	-0.0002	1.8238	-0.0005	0.0004	0.0002	
 vel 0.02 -0.0520	-2.0151	-0.0143	-7.1814	-2.4977	-0.0008	-1.7732	1.1474	5.5110	7.5959	-0.7057	-0.0007	-8.3356	-0.0011	-0.0004	-0.0002	-1.9907	-0.0005	0.0004	0.0002	
 vel 0.02 4.5140	-2.3879	-0.0114	-6.7388	-2.3388	-0.0007	1.8849	7.2689	9.4462	5.9994	-0.1033	-0.0007	-7.9465	-0.0010	-0.0004	-0.0002	-2.0850	0.0011	-0.0012	0.0002	
 vel 0.02 -0.2256	1.5774	-0.0083	-5.7638	-2.5263	-0.0007	5.9537	-0.5426	5.5824	-0.7501	1.1711	0.0009	-6.8091	0.0006	-0.0004	-0.0002	-1.6993	0.0010	-0.0011	0.0002	
 vel 0.02 3.2161	-1.7723	-5.1385	-9.6657	-6.4116	2.3601	-13.0041	3.9531	10.2379	11.1764	-2.4490	-5.6400	-8.8966	0.0005	-0.0004	-0.0002	-7.8693	-0.0006	0.0005	0.0002	
 vel 0.02 5.9635	-0.4782	-4.8163	-8.3697	-5.7056	2.2125	-9.3161	5.2617	10.3032	14.9912	-1.3809	-5.2875	-7.6441	0.0005	0.0012	-0.0002	-7.1747	-0.0005	0.0004	0.0002	
 vel 0.02 4.3889	0.1502	-5.6292	-7.3109	-4.6129	1.7821	-4.4373	6.8352	7.2048	9.8359	0.9786	-4.3323	-6.5929	0.0005	0.0011	-0.0002	-6.0709	-0.0005	0.0004	0.0002	
 vel 0.02 1.8679	3.6369	-6.4937	-14.3044	-3.6382	1.4042	-14.5704	3.8569	11.9990	14.7805	14.2097	-3.2544	-5.5398	-0.0011	-0.0005	-0.0002	-8.3666	-0.0005	0.0004	0.0002	
 vel 0.02 5.2129	2.5966	-5.4061	-12.7485	-2.8667	1.1047	-8.4533	8.7673	12.7693	10.2592	5.1914	-2.6455	-4.4884	-0.0010	-0.0004	-0.0002	-7.1171	0.0011	0.0004	0.0002	
 vel 0.02 4.9678	-0.7877	-4.9249	-11.6939	-2.2518	0.8690	-8.0153	5.0841	10.2952	14.5354	9.3618	-2.1312	-3.5489	0.0006	-0.0004	-0.0002	-6.0665	0.0010	-0.0012	0.0002	
 vel 0.02 -0.7184	0.0082	-3.9734	-10.6378	-1.7703	0.6818	-5.9781	4.2299	13.3674	11.7676	3.9710	-1.7052	-1.7355	0.0005	-0.0004	0.0014	-5.0181	-0.0006	-0.0011	-0.0014	
 vel 0.02 5.4446	-2.1934	-3.1342	-9.5834	-1.3902	0.5345	-4.9972	6.1795	13.0768	13.4414	7.5046	-1.3564	-1.2048	0.0005	-0.0004	0.0013	-3.9808	-0.0005	0.0005	-0.0013	
 vel 0.02 -3.5876	1.8462	-2.4641	-8.5289	-1.0912	0.4197	-8.0954	0.5578	10.3997	9.0820	11.7836	-1.0744	-0.9269	0.0005	0.0012	-0.0003	-3.1332	-0.0005	0.0004	0.0003	