4 14
ang 0.5  0  10.25  32.299  -68.61  39.8  -10.26  0  12.25  28.93  -45.79  30.63  -12.26  -44.509  40  20  0  -17.47  -0.009  -20  0 
ang 0.1  0  10.25  20.5  -115.59  45.31  -10.26  0  12.26  28.85  -45.88  30.81  -12.26  -44.509  40  20  0  -17.47  -0.009  -20  0 
ang 0.5  0  30.25  -24.04  -128.782  -42.699  -10.26  -28.856  10.25  10.949  0.639  -2.569  -10.25  -79.189  10  20  0  -20.29  -70  -20  0 
ang 0.4  0  30.25  -24.04  -128.782  -42.699  -10.26  -28.856  10.25  10.949  0.639  -2.569  -10.25  -79.189  10  20  0  -20.29  -70  -20  0 
vel 0.5  0  -2.419  0  0.948  -1.729  0  -0.37  0.142  -0.021  0.066  -0.036  0  2.267  0  0  0  1.365  0  0  0 
vel 0.1  -0.069  -4.408  0  0.961  -5  0  -1.316  -0.973  -0.017  0.053  -0.03  0  1.823  0  0  0  1.098  0  0  0 
vel 0.5  -0.647  -2.931  6.794  9.385  -0.789  0  3.747  -2  -0.014  -7.181  -2.497  0  -1.99  0  0  0  -8.335  0.001  0  0 
vel 0.4  0  -5  9.359  6.487  -1.473  0  3.482  2  -0.011  -6.738  -2.338  0  -2.085  -0.001  0.001  0  -7.946  0.001  0  0 
vel 0.02  -0.187  -0.234  7.926  0.052  -1.004  0  -1.946  -2  -0.008  -5.763  -2.526  0  -1.699  -0.001  0.001  0  -6.809  0  0  0 
vel 0.02  -10  -4.938  10  9.894  -1.488  5.64  2.154  1.745  -5.138  -9.665  -6.411  -2.36  -7.869  0  0  0  -8.896  0  0  0 
vel 0.02  -8.719  -5  10  10  -1.307  5.287  6  1.858  -4.816  -8.369  -5.705  -2.212  -7.174  0  0  0  -7.644  0  -0.001  0 
vel 0.02  -4.324  -4.319  6.152  7.678  -0.195  4.332  3.922  1.821  -5.629  -7.31  -4.612  -1.782  -6.07  0  0  0  -6.592  0  -0.001  0 
vel 0.02  -9.299  -3.237  9.25  9.571  0  3.254  5.054  -0.981  -6.493  -14.304  -3.638  -1.404  -8.366  0  0  0  -5.539  0.001  0  0 
vel 0.02  -5.45  -2.747  10  8.197  -2.443  2.645  3.705  -2  -5.406  -12.748  -2.866  -1.104  -7.117  -0.001  0  0  -4.488  0.001  0  0 
vel 0.02  -5.905  -4.933  9.171  8.731  0  2.131  5.303  2  -4.924  -11.693  -2.251  -0.869  -6.066  -0.001  0.001  0  -3.548  0  0  0 
vel 0.02  -7.862  -2.885  10  9.763  -0.369  1.705  -0.288  1.518  -3.973  -10.637  -1.77  -0.681  -5.018  0  0.001  -0.001  -1.735  0  0  0.001 
vel 0.02  -5.988  -4.215  9.419  9.852  -0.587  1.356  6  0.986  -3.134  -9.583  -1.39  -0.534  -3.98  0  0  -0.001  -1.204  0  0  0.001 
vel 0.02  -8.604  -1.345  8.796  9.269  0  1.074  -0.843  1.36  -2.464  -8.528  -1.091  -0.419  -3.133  0  0  0  -0.926  0  -0.001  0 
