4 14 
 
 ang 0.5 -0.0000	-12.2500	28.9300	-45.7900	30.6300	12.2600	-0.0000	-10.2500	32.3000	-68.6100	39.8000	10.2600	-17.4700	0.0090	20.0000	-0.0000	-44.5090	-40.0000	-20.0000	0.0000	
 ang 0.1 -0.0000	-12.2600	28.8500	-45.8800	30.8100	12.2600	-0.0000	-10.2500	20.5000	-115.5900	45.3100	10.2600	-17.4700	0.0090	20.0000	-0.0000	-44.5090	-40.0000	-20.0000	0.0000	
 ang 0.5 -28.6999	-10.2500	10.9490	0.6390	-2.5690	10.2500	0.0000	-20.2500	-24.0400	-129.3494	-41.5657	10.2600	-20.2900	70.0000	20.0000	-0.0000	-79.1890	-10.0000	-20.0000	0.0000	
 ang 0.4 -28.6999	-10.2500	10.9490	0.6390	-2.5690	10.2500	0.0000	-20.2500	-24.0400	-129.3494	-41.5657	10.2600	-20.2900	70.0000	20.0000	-0.0000	-79.1890	-10.0000	-20.0000	0.0000	
 
 vel 0.02 -1.8862	1.7677	-0.0219	0.0669	-0.0363	0.0008	0.0000	3.2904	0.0000	2.6952	-1.4832	0.0008	1.3654	0.0005	-0.0005	-0.0002	2.2670	-0.0005	0.0004	0.0002	
 vel 0.02 -1.6871	-0.0629	-0.0173	0.0531	-0.0303	0.0008	0.0000	1.5321	0.5028	2.0019	-4.7731	-0.0008	1.0982	0.0005	-0.0004	-0.0002	1.8238	-0.0005	0.0004	0.0002	
 vel 0.02 3.1998	0.2110	-0.0143	-7.1814	-2.4977	-0.0008	-0.9396	1.8845	7.3686	7.7416	-0.8057	-0.0007	-8.3356	-0.0011	-0.0004	-0.0002	-1.9907	-0.0005	0.0004	0.0002	
 vel 0.02 4.1665	-1.4922	-0.0114	-6.7388	-2.3388	-0.0007	0.0000	5.0000	8.7739	7.4315	-2.2926	-0.0007	-7.9465	-0.0010	-0.0004	-0.0002	-2.0850	0.0011	-0.0012	0.0002	
 vel 0.02 -1.6486	1.3948	-0.0083	-5.7638	-2.5263	-0.0007	0.0000	-1.2874	8.6234	0.0299	-0.1998	0.0009	-6.8091	0.0006	-0.0004	-0.0002	-1.6993	0.0010	-0.0011	0.0002	
 vel 0.02 1.7549	-2.0000	-5.1385	-9.6657	-6.4116	2.3601	-9.7739	5.0000	9.5244	8.7778	-2.1338	-5.6400	-8.8966	0.0005	-0.0004	-0.0002	-7.8693	-0.0006	0.0005	0.0002	
 vel 0.02 5.4754	-1.4577	-4.8163	-8.3697	-5.7056	2.2125	-9.1410	5.0000	10.0000	8.4319	0.0000	-5.2875	-7.6441	0.0005	0.0012	-0.0002	-7.1747	-0.0005	0.0004	0.0002	
 vel 0.02 4.5908	-1.2188	-5.6292	-7.3109	-4.6129	1.7821	-3.3493	4.5618	7.0417	7.4426	-0.6067	-4.3323	-6.5929	0.0005	0.0011	-0.0002	-6.0709	-0.0005	0.0004	0.0002	
 vel 0.02 1.8399	1.8463	-6.4937	-14.3044	-3.6382	1.4042	-9.2852	3.1010	9.6287	9.7051	0.0000	-3.2544	-5.5398	-0.0011	-0.0005	-0.0002	-8.3666	-0.0005	0.0004	0.0002	
 vel 0.02 2.7680	2.0000	-5.4061	-12.7485	-2.8667	1.1047	-7.0703	4.3048	9.9323	8.9724	-0.2507	-2.6455	-4.4884	-0.0010	-0.0004	-0.0002	-7.1171	0.0011	0.0004	0.0002	
 vel 0.02 4.8382	-1.6111	-4.9249	-11.6939	-2.2518	0.8690	-5.8900	4.9684	9.6322	9.4569	-0.9243	-2.1312	-3.5489	0.0006	-0.0004	-0.0002	-6.0665	0.0010	-0.0012	0.0002	
 vel 0.02 -2.0000	-0.8413	-3.9734	-10.6378	-1.7703	0.6818	-8.0500	2.8144	8.3772	9.8409	-0.9999	-1.7052	-1.7355	0.0005	-0.0004	0.0014	-5.0181	-0.0006	-0.0011	-0.0014	
 vel 0.02 5.6070	-1.6177	-3.1342	-9.5834	-1.3902	0.5345	-4.3081	4.8720	9.6746	8.9046	-0.6532	-1.3564	-1.2048	0.0005	-0.0004	0.0013	-3.9808	-0.0005	0.0005	-0.0013	
 vel 0.02 -1.0310	-0.1285	-2.4641	-8.5289	-1.0912	0.4197	-8.9854	-0.8220	9.0551	7.7801	-0.6454	-1.0744	-0.9269	0.0005	0.0012	-0.0003	-3.1332	-0.0005	0.0004	0.0003	