4 14
ang 0.5  0  10.25  32.299  -68.61  39.8  -10.26  0  12.25  28.93  -45.79  30.63  -12.26  -44.509  40  20  0  -17.47  -0.009  -20  0 
ang 0.1  0  10.25  20.5  -115.59  45.31  -10.26  0  12.26  28.85  -45.88  30.81  -12.26  -44.509  40  20  0  -17.47  -0.009  -20  0 
ang 0.5  0  30.25  -24.04  -128.018  -41.576  -10.26  -27.292  10.25  10.949  0.639  5.569  -10.25  -79.189  10  20  0  -20.29  -70  -20  0 
ang 0.4  0  30.25  -24.04  -128.018  -41.576  -10.26  -27.292  10.25  10.949  0.639  5.569  -10.25  -79.189  10  20  0  -20.29  -70  -20  0 
vel 0.5  2.898  -3.029  -2.638  2.801  4.083  0  -1.743  -1.653  -0.021  0.066  -0.036  0  2.267  0  0  0  1.365  0  0  0 
vel 0.1  -0.363  -3.372  -1.553  2.799  -7.866  0  -1.032  -3.608  -0.017  0.053  -0.03  0  1.823  0  0  0  1.098  0  0  0 
vel 0.5  -1.814  -1.497  5.67  7.702  -0.934  0  1.346  0.995  -0.014  -7.181  -2.497  0  -1.99  0  0  0  -8.335  0.001  0  0 
vel 0.4  1.821  -8.432  7.849  5.702  -1.132  0  2.818  2.591  -0.011  -6.738  -2.338  0  -2.085  -0.001  0.001  0  -7.946  0.001  0  0 
vel 0.02  4.249  0.972  7.166  -0.598  1.208  0  -0.112  -1.604  -0.008  -5.763  -2.526  0  -1.699  -0.001  0.001  0  -6.809  0  0  0 
vel 0.02  -12.74  -4.795  9.678  12.821  -2.27  5.64  2.457  2.757  -5.138  -9.665  -6.411  -2.36  -7.869  0  0  0  -8.896  0  0  0 
vel 0.02  -8.732  -5.991  10.025  13.828  -1.991  5.287  6.479  1.246  -4.816  -8.369  -5.705  -2.212  -7.174  0  0  0  -7.644  0  -0.001  0 
vel 0.02  -4.225  -6.906  7.847  9.18  -0.496  4.332  4.688  -0.405  -5.629  -7.31  -4.612  -1.782  -6.07  0  0  0  -6.592  0  -0.001  0 
vel 0.02  -14.926  -4.459  13.629  14.359  14.814  3.254  2.828  -3.196  -6.493  -14.304  -3.638  -1.404  -8.366  0  0  0  -5.539  0.001  0  0 
vel 0.02  -7.823  -6.874  13.085  10.464  6.231  2.645  4.589  -4.97  -5.406  -12.748  -2.866  -1.104  -7.117  -0.001  0  0  -4.488  0.001  0  0 
vel 0.02  -7.403  -6.018  10.355  14.259  8.806  2.131  4.456  2.983  -4.924  -11.693  -2.251  -0.869  -6.066  -0.001  0.001  0  -3.548  0  0  0 
vel 0.02  -6.608  -2.387  11.445  12.385  3.82  1.705  -1.471  0.01  -3.973  -10.637  -1.77  -0.681  -5.018  0  0.001  -0.001  -1.735  0  0  0.001 
vel 0.02  -4.883  -4.645  12.171  14.918  5.982  1.356  5.393  3.07  -3.134  -9.583  -1.39  -0.534  -3.98  0  0  -0.001  -1.204  0  0  0.001 
vel 0.02  -8.229  -0.835  8.633  10.112  10.912  1.074  -4.332  -1.139  -2.464  -8.528  -1.091  -0.419  -3.133  0  0  0  -0.926  0  -0.001  0 
