4 14 
 
 ang 0.5 -0.0000	-12.2500	28.9300	-45.7900	30.6300	12.2600	-0.0000	-10.2500	32.3000	-68.6100	39.8000	10.2600	-17.4700	0.0090	20.0000	-0.0000	-44.5090	-40.0000	-20.0000	0.0000	
 ang 0.1 -0.0000	-12.2600	28.8500	-45.8800	30.8100	12.2600	-0.0000	-10.2500	20.5000	-115.5900	45.3100	10.2600	-17.4700	0.0090	20.0000	-0.0000	-44.5090	-40.0000	-20.0000	0.0000	
 ang 0.5 -28.8346	-10.2500	10.9490	0.6390	-2.5690	10.2500	0.0000	-10.2500	-24.0400	-128.5954	-43.5556	10.2600	-20.2900	70.0000	20.0000	-0.0000	-79.1890	-10.0000	-20.0000	0.0000	
 ang 0.4 -28.8346	-10.2500	10.9490	0.6390	-2.5690	10.2500	0.0000	-10.2500	-24.0400	-128.5954	-43.5556	10.2600	-20.2900	70.0000	20.0000	-0.0000	-79.1890	-10.0000	-20.0000	0.0000	
 
 vel 0.02 -1.7169	-0.3444	-0.0219	0.0669	-0.0363	0.0008	0.0000	1.4832	0.6044	3.0186	-0.1227	0.0008	1.3654	0.0005	-0.0005	-0.0002	2.2670	-0.0005	0.0004	0.0002	
 vel 0.02 -1.4151	1.3555	-0.0173	0.0531	-0.0303	0.0008	-1.1185	3.6453	0.3490	3.1605	-5.0000	-0.0008	1.0982	0.0005	-0.0004	-0.0002	1.8238	-0.0005	0.0004	0.0002	
 vel 0.02 3.3669	-2.0000	-0.0143	-7.1814	-2.4977	-0.0008	-2.2851	1.8462	6.4576	8.3802	-1.4525	-0.0007	-8.3356	-0.0011	-0.0004	-0.0002	-1.9907	-0.0005	0.0004	0.0002	
 vel 0.02 3.2760	-1.3943	-0.0114	-6.7388	-2.3388	-0.0007	-0.5780	4.3672	8.4722	7.9408	-3.1228	-0.0007	-7.9465	-0.0010	-0.0004	-0.0002	-2.0850	0.0011	-0.0012	0.0002	
 vel 0.02 -1.4438	0.0269	-0.0083	-5.7638	-2.5263	-0.0007	-0.2931	-1.7612	7.2127	0.2807	-0.3596	0.0009	-6.8091	0.0006	-0.0004	-0.0002	-1.6993	0.0010	-0.0011	0.0002	
 vel 0.02 2.7251	-1.9645	-5.1385	-9.6657	-6.4116	2.3601	-9.5659	3.1924	8.8597	9.1242	-3.1243	-5.6400	-8.8966	0.0005	-0.0004	-0.0002	-7.8693	-0.0006	0.0005	0.0002	
 vel 0.02 3.9870	-2.0000	-4.8163	-8.3697	-5.7056	2.2125	-9.3383	4.0609	8.4932	9.8031	-1.4525	-5.2875	-7.6441	0.0005	0.0012	-0.0002	-7.1747	-0.0005	0.0004	0.0002	
 vel 0.02 3.1290	-0.8389	-5.6292	-7.3109	-4.6129	1.7821	-4.1579	4.4489	5.5606	8.3740	0.0000	-4.3323	-6.5929	0.0005	0.0011	-0.0002	-6.0709	-0.0005	0.0004	0.0002	
 vel 0.02 4.3477	-1.3365	-6.4937	-14.3044	-3.6382	1.4042	-10.0000	3.8946	9.4432	10.0000	-3.3872	-3.2544	-5.5398	-0.0011	-0.0005	-0.0002	-8.3666	-0.0005	0.0004	0.0002	
 vel 0.02 4.2215	2.0000	-5.4061	-12.7485	-2.8667	1.1047	-6.0391	5.0000	9.1624	8.3445	-0.6621	-2.6455	-4.4884	-0.0010	-0.0004	-0.0002	-7.1171	0.0011	0.0004	0.0002	
 vel 0.02 5.7318	-1.7991	-4.9249	-11.6939	-2.2518	0.8690	-5.3326	5.0000	10.0000	9.4433	-0.4271	-2.1312	-3.5489	0.0006	-0.0004	-0.0002	-6.0665	0.0010	-0.0012	0.0002	
 vel 0.02 -1.6967	-0.0756	-3.9734	-10.6378	-1.7703	0.6818	-7.6236	2.1188	8.9759	9.7868	-0.5803	-1.7052	-1.7355	0.0005	-0.0004	0.0014	-5.0181	-0.0006	-0.0011	-0.0014	
 vel 0.02 5.9972	-0.5578	-3.1342	-9.5834	-1.3902	0.5345	-2.6344	4.6365	9.1675	9.5162	-2.6559	-1.3564	-1.2048	0.0005	-0.0004	0.0013	-3.9808	-0.0005	0.0005	-0.0013	
 vel 0.02 -0.6179	-0.2989	-2.4641	-8.5289	-1.0912	0.4197	-9.3928	-1.7789	9.3995	7.8012	-0.3380	-1.0744	-0.9269	0.0005	0.0012	-0.0003	-3.1332	-0.0005	0.0004	0.0003	