4 14
ang 0.5  0  10.25  32.299  -68.61  39.8  -10.26  0  12.25  28.93  -45.79  30.63  -12.26  -44.509  40  20  0  -17.47  -0.009  -20  0 
ang 0.1  0  10.25  20.5  -115.59  45.31  -10.26  0  12.26  28.85  -45.88  30.81  -12.26  -44.509  40  20  0  -17.47  -0.009  -20  0 
ang 0.5  0  19.25  -24.04  -127.867  -42.196  -10.26  -27.881  10.25  10.949  0.639  -0.569  -10.25  -79.189  10  20  0  -20.29  -70  -20  0 
ang 0.4  0  19.25  -24.04  -127.867  -42.196  -10.26  -27.881  10.25  10.949  0.639  -0.569  -10.25  -79.189  10  20  0  -20.29  -70  -20  0 
vel 0.5  2.534  -1.084  -2.53  2.921  3.296  0  -1.665  -2.251  -0.021  0.066  -0.036  0  2.267  0  0  0  1.365  0  0  0 
vel 0.1  0.245  -3.241  -0.752  3.238  -7.784  0  -1.71  -3.59  -0.017  0.053  -0.03  0  1.823  0  0  0  1.098  0  0  0 
vel 0.5  -2.618  -1.692  4.848  8.408  -1.442  0  -0.322  0.49  -0.014  -7.181  -2.497  0  -1.99  0  0  0  -8.335  0.001  0  0 
vel 0.4  1.607  -7.275  7.718  5.836  -1.79  0  1.91  2.956  -0.011  -6.738  -2.338  0  -2.085  -0.001  0.001  0  -7.946  0.001  0  0 
vel 0.02  4.348  0.512  7.752  -1.222  0.351  0  -1.776  -1.049  -0.008  -5.763  -2.526  0  -1.699  -0.001  0.001  0  -6.809  0  0  0 
vel 0.02  -13.073  -3.783  10.054  12.082  -2.998  5.64  2.307  2.476  -5.138  -9.665  -6.411  -2.36  -7.869  0  0  0  -8.896  0  0  0 
vel 0.02  -10.416  -6.672  9.833  13.859  -1.825  5.287  6.992  2.031  -4.816  -8.369  -5.705  -2.212  -7.174  0  0  0  -7.644  0  -0.001  0 
vel 0.02  -5.065  -5.955  6.242  9.041  -1.337  4.332  5.257  -0.858  -5.629  -7.31  -4.612  -1.782  -6.07  0  0  0  -6.592  0  -0.001  0 
vel 0.02  -15.05  -3.447  13.708  15.3  15.516  3.254  2.527  -2.391  -6.493  -14.304  -3.638  -1.404  -8.366  0  0  0  -5.539  0.001  0  0 
vel 0.02  -7.062  -5.147  12.498  11.98  6.333  2.645  4.254  -5.22  -5.406  -12.748  -2.866  -1.104  -7.117  -0.001  0  0  -4.488  0.001  0  0 
vel 0.02  -7.18  -6.438  10.644  15.086  9.731  2.131  4.974  2.545  -4.924  -11.693  -2.251  -0.869  -6.066  -0.001  0.001  0  -3.548  0  0  0 
vel 0.02  -7.468  -2.418  11.057  12.859  4.099  1.705  -2.398  0.283  -3.973  -10.637  -1.77  -0.681  -5.018  0  0.001  -0.001  -1.735  0  0  0.001 
vel 0.02  -5.4  -5.036  11.97  14.959  6.59  1.356  5.717  4.582  -3.134  -9.583  -1.39  -0.534  -3.98  0  0  -0.001  -1.204  0  0  0.001 
vel 0.02  -8.175  -1.142  8.616  9.648  9.737  1.074  -4.992  -1.329  -2.464  -8.528  -1.091  -0.419  -3.133  0  0  0  -0.926  0  -0.001  0 
