4 14 
 
 ang 0.5 -0.0000	-12.2500	28.9300	-45.7900	30.6300	12.2600	-0.0000	-10.2500	32.3000	-68.6100	39.8000	10.2600	-17.4700	0.0090	20.0000	-0.0000	-44.5090	-40.0000	-20.0000	0.0000	
 ang 0.1 -0.0000	-12.2600	28.8500	-45.8800	30.8100	12.2600	-0.0000	-10.2500	20.5000	-115.5900	45.3100	10.2600	-17.4700	0.0090	20.0000	-0.0000	-44.5090	-40.0000	-20.0000	0.0000	
 ang 0.5 -31.9222	-10.2500	10.9490	0.6390	-2.5690	10.2500	0.0000	-10.2500	-24.0400	-127.6450	-41.8225	10.2600	-20.2900	70.0000	20.0000	-0.0000	-79.1890	-10.0000	-20.0000	0.0000	
 ang 0.4 -31.9222	-10.2500	10.9490	0.6390	-2.5690	10.2500	0.0000	-10.2500	-24.0400	-127.6450	-41.8225	10.2600	-20.2900	70.0000	20.0000	-0.0000	-79.1890	-10.0000	-20.0000	0.0000	
 
 vel 0.02 -2.0000	2.0000	-0.0219	0.0669	-0.0363	0.0008	0.0000	4.3372	0.0000	5.4660	0.0000	0.0008	1.3654	0.0005	-0.0005	-0.0002	2.2670	-0.0005	0.0004	0.0002	
 vel 0.02 -2.0000	2.0000	-0.0173	0.0531	-0.0303	0.0008	0.0000	1.8902	0.0000	2.9200	-4.9882	-0.0008	1.0982	0.0005	-0.0004	-0.0002	1.8238	-0.0005	0.0004	0.0002	
 vel 0.02 1.1435	0.1903	-0.0143	-7.1814	-2.4977	-0.0008	0.0000	-0.2845	7.2955	8.3299	-2.0504	-0.0007	-8.3356	-0.0011	-0.0004	-0.0002	-1.9907	-0.0005	0.0004	0.0002	
 vel 0.02 1.4070	-1.6169	-0.0114	-6.7388	-2.3388	-0.0007	0.0000	5.0000	9.1044	7.3239	-3.6120	-0.0007	-7.9465	-0.0010	-0.0004	-0.0002	-2.0850	0.0011	-0.0012	0.0002	
 vel 0.02 -2.0000	1.1880	-0.0083	-5.7638	-2.5263	-0.0007	0.0000	-1.9819	8.0688	0.0000	-0.8669	0.0009	-6.8091	0.0006	-0.0004	-0.0002	-1.6993	0.0010	-0.0011	0.0002	
 vel 0.02 1.4152	-2.0000	-5.1385	-9.6657	-6.4116	2.3601	-10.0000	5.0000	8.1887	9.6819	-2.9999	-5.6400	-8.8966	0.0005	-0.0004	-0.0002	-7.8693	-0.0006	0.0005	0.0002	
 vel 0.02 5.9331	-0.7229	-4.8163	-8.3697	-5.7056	2.2125	-9.8287	5.0000	9.6915	9.2394	-2.7459	-5.2875	-7.6441	0.0005	0.0012	-0.0002	-7.1747	-0.0005	0.0004	0.0002	
 vel 0.02 4.4073	1.3803	-5.6292	-7.3109	-4.6129	1.7821	-4.6128	4.4974	5.6636	8.7419	0.0000	-4.3323	-6.5929	0.0005	0.0011	-0.0002	-6.0709	-0.0005	0.0004	0.0002	
 vel 0.02 1.1911	2.0000	-6.4937	-14.3044	-3.6382	1.4042	-10.0000	4.7819	9.3232	9.8672	0.0000	-3.2544	-5.5398	-0.0011	-0.0005	-0.0002	-8.3666	-0.0005	0.0004	0.0002	
 vel 0.02 1.7767	0.2194	-5.4061	-12.7485	-2.8667	1.1047	-8.6318	4.7731	10.0000	9.9217	0.0000	-2.6455	-4.4884	-0.0010	-0.0004	-0.0002	-7.1171	0.0011	0.0004	0.0002	
 vel 0.02 6.0000	-1.7932	-4.9249	-11.6939	-2.2518	0.8690	-6.6852	2.6096	9.5772	9.1563	0.0000	-2.1312	-3.5489	0.0006	-0.0004	-0.0002	-6.0665	0.0010	-0.0012	0.0002	
 vel 0.02 -1.2943	-2.0000	-3.9734	-10.6378	-1.7703	0.6818	-8.0253	3.1367	10.0000	9.1159	0.0000	-1.7052	-1.7355	0.0005	-0.0004	0.0014	-5.0181	-0.0006	-0.0011	-0.0014	
 vel 0.02 4.8134	-1.5054	-3.1342	-9.5834	-1.3902	0.5345	-4.3410	5.0000	10.0000	9.9270	0.0000	-1.3564	-1.2048	0.0005	-0.0004	0.0013	-3.9808	-0.0005	0.0005	-0.0013	
 vel 0.02 -1.8597	2.0000	-2.4641	-8.5289	-1.0912	0.4197	-10.0000	0.3183	7.6372	10.0000	-1.7209	-1.0744	-0.9269	0.0005	0.0012	-0.0003	-3.1332	-0.0005	0.0004	0.0003	