4 14 
 
 ang 0.5 -0.0000	-12.2500	28.9300	-45.7900	30.6300	12.2600	-0.0000	-10.2500	32.3000	-68.6100	39.8000	10.2600	-17.4700	0.0090	20.0000	-0.0000	-44.5090	-40.0000	-20.0000	0.0000	
 ang 0.1 -0.0000	-12.2600	28.8500	-45.8800	30.8100	12.2600	-0.0000	-10.2500	20.5000	-115.5900	45.3100	10.2600	-17.4700	0.0090	20.0000	-0.0000	-44.5090	-40.0000	-20.0000	0.0000	
 ang 0.5 -26.4420	-10.2500	10.9490	0.6390	2.5690	10.2500	0.0000	-10.2500	-24.0400	-127.1425	-42.7155	10.2600	-20.2900	70.0000	20.0000	-0.0000	-79.1890	-10.0000	-20.0000	0.0000	
 ang 0.4 -26.4420	-10.2500	10.9490	0.6390	2.5690	10.2500	0.0000	-10.2500	-24.0400	-127.1425	-42.7155	10.2600	-20.2900	70.0000	20.0000	-0.0000	-79.1890	-10.0000	-20.0000	0.0000	
 
 vel 0.02 -0.1716	2.3081	-0.0219	0.0669	-0.0363	0.0008	4.0227	1.9426	-2.1905	2.5901	1.6862	0.0008	1.3654	0.0005	-0.0005	-0.0002	2.2670	-0.0005	0.0004	0.0002	
 vel 0.02 -1.7554	2.8330	-0.0173	0.0531	-0.0303	0.0008	0.1391	3.8251	-0.5482	2.7804	-8.2527	-0.0008	1.0982	0.0005	-0.0004	-0.0002	1.8238	-0.0005	0.0004	0.0002	
 vel 0.02 -0.2058	-1.8187	-0.0143	-7.1814	-2.4977	-0.0008	-3.2071	1.5937	6.2004	8.2940	-0.8440	-0.0007	-8.3356	-0.0011	-0.0004	-0.0002	-1.9907	-0.0005	0.0004	0.0002	
 vel 0.02 2.1444	-1.5646	-0.0114	-6.7388	-2.3388	-0.0007	2.2563	7.9507	8.0507	5.7118	-1.3503	-0.0007	-7.9465	-0.0010	-0.0004	-0.0002	-2.0850	0.0011	-0.0012	0.0002	
 vel 0.02 -1.8681	0.1932	-0.0083	-5.7638	-2.5263	-0.0007	6.6090	-1.4422	5.9488	-0.7544	-0.1435	0.0009	-6.8091	0.0006	-0.0004	-0.0002	-1.6993	0.0010	-0.0011	0.0002	
 vel 0.02 0.2975	-3.8123	-5.1385	-9.6657	-6.4116	2.3601	-12.4756	4.0243	11.3900	12.5651	-1.6571	-5.6400	-8.8966	0.0005	-0.0004	-0.0002	-7.8693	-0.0006	0.0005	0.0002	
 vel 0.02 7.7314	-1.4850	-4.8163	-8.3697	-5.7056	2.2125	-9.6403	6.0103	9.6018	13.8467	-2.3620	-5.2875	-7.6441	0.0005	0.0012	-0.0002	-7.1747	-0.0005	0.0004	0.0002	
 vel 0.02 5.2060	0.7916	-5.6292	-7.3109	-4.6129	1.7821	-3.6546	6.5308	6.9507	8.7745	-0.9444	-4.3323	-6.5929	0.0005	0.0011	-0.0002	-6.0709	-0.0005	0.0004	0.0002	
 vel 0.02 2.8962	1.4032	-6.4937	-14.3044	-3.6382	1.4042	-14.7852	6.0286	12.9993	14.5362	14.1482	-3.2544	-5.5398	-0.0011	-0.0005	-0.0002	-8.3666	-0.0005	0.0004	0.0002	
 vel 0.02 4.5055	3.5631	-5.4061	-12.7485	-2.8667	1.1047	-8.0087	6.2942	12.9786	11.0001	5.2362	-2.6455	-4.4884	-0.0010	-0.0004	-0.0002	-7.1171	0.0011	0.0004	0.0002	
 vel 0.02 4.1367	-2.2878	-4.9249	-11.6939	-2.2518	0.8690	-7.6040	7.6827	10.5698	14.6838	8.8265	-2.1312	-3.5489	0.0006	-0.0004	-0.0002	-6.0665	0.0010	-0.0012	0.0002	
 vel 0.02 -0.6379	-0.4611	-3.9734	-10.6378	-1.7703	0.6818	-8.0793	1.9843	13.3488	13.9846	2.7590	-1.7052	-1.7355	0.0005	-0.0004	0.0014	-5.0181	-0.0006	-0.0011	-0.0014	
 vel 0.02 5.8736	-3.0438	-3.1342	-9.5834	-1.3902	0.5345	-3.1279	4.1790	11.3388	14.6574	6.5741	-1.3564	-1.2048	0.0005	-0.0004	0.0013	-3.9808	-0.0005	0.0005	-0.0013	
 vel 0.02 -3.1324	-0.0230	-2.4641	-8.5289	-1.0912	0.4197	-8.8120	2.3558	9.8507	9.3557	10.0605	-1.0744	-0.9269	0.0005	0.0012	-0.0003	-3.1332	-0.0005	0.0004	0.0003	
