4 14
ang 0.5  0  10.25  32.299  -68.61  39.8  -10.26  0  12.25  28.93  -45.79  30.63  -12.26  -44.509  40  20  0  -17.47  -0.009  -20  0 
ang 0.1  0  10.25  20.5  -115.59  45.31  -10.26  0  12.26  28.85  -45.88  30.81  -12.26  -44.509  40  20  0  -17.47  -0.009  -20  0 
ang 0.5  0  10.25  -24.04  -127.125  -42.125  -10.26  -25.869  10.25  10.949  0.639  5.569  -10.25  -79.189  10  20  0  -20.29  -70  -20  0 
ang 0.4  0  10.25  -24.04  -127.125  -42.125  -10.26  -25.869  10.25  10.949  0.639  5.569  -10.25  -79.189  10  20  0  -20.29  -70  -20  0 
vel 0.5  3.71  -3.852  -1.571  4.079  5.172  0  -2.51  -0.939  -0.021  0.066  -0.036  0  2.267  0  0  0  1.365  0  0  0 
vel 0.1  -0.546  -2.859  -1.223  3.288  -8.075  0  -2.587  -3.381  -0.017  0.053  -0.03  0  1.823  0  0  0  1.098  0  0  0 
vel 0.5  -1.773  -1.147  5.511  7.595  -0.705  0  -0.052  2.015  -0.014  -7.181  -2.497  0  -1.99  0  0  0  -8.335  0.001  0  0 
vel 0.4  1.884  -7.268  9.446  5.999  -0.103  0  4.514  2.387  -0.011  -6.738  -2.338  0  -2.085  -0.001  0.001  0  -7.946  0.001  0  0 
vel 0.02  5.953  0.542  5.582  -0.75  1.171  0  -0.225  -1.577  -0.008  -5.763  -2.526  0  -1.699  -0.001  0.001  0  -6.809  0  0  0 
vel 0.02  -13.004  -3.953  10.237  11.176  -2.449  5.64  3.216  1.772  -5.138  -9.665  -6.411  -2.36  -7.869  0  0  0  -8.896  0  0  0 
vel 0.02  -9.316  -5.261  10.303  14.991  -1.38  5.287  5.963  0.478  -4.816  -8.369  -5.705  -2.212  -7.174  0  0  0  -7.644  0  -0.001  0 
vel 0.02  -4.437  -6.835  7.204  9.835  0.978  4.332  4.388  -0.15  -5.629  -7.31  -4.612  -1.782  -6.07  0  0  0  -6.592  0  -0.001  0 
vel 0.02  -14.57  -3.856  11.999  14.78  14.209  3.254  1.867  -3.636  -6.493  -14.304  -3.638  -1.404  -8.366  0  0  0  -5.539  0.001  0  0 
vel 0.02  -8.453  -8.767  12.769  10.259  5.191  2.645  5.212  -2.596  -5.406  -12.748  -2.866  -1.104  -7.117  -0.001  0  0  -4.488  0.001  0  0 
vel 0.02  -8.015  -5.084  10.295  14.535  9.361  2.131  4.967  0.787  -4.924  -11.693  -2.251  -0.869  -6.066  -0.001  0.001  0  -3.548  0  0  0 
vel 0.02  -5.978  -4.229  13.367  11.767  3.971  1.705  -0.718  -0.008  -3.973  -10.637  -1.77  -0.681  -5.018  0  0.001  -0.001  -1.735  0  0  0.001 
vel 0.02  -4.997  -6.179  13.076  13.441  7.504  1.356  5.444  2.193  -3.134  -9.583  -1.39  -0.534  -3.98  0  0  -0.001  -1.204  0  0  0.001 
vel 0.02  -8.095  -0.557  10.399  9.082  11.783  1.074  -3.587  -1.846  -2.464  -8.528  -1.091  -0.419  -3.133  0  0  0  -0.926  0  -0.001  0 
