4 14
ang 0.5  0  -10.25  32.299  -68.61  39.8  10.26  0  -12.25  28.93  -45.79  30.63  12.26  -44.509  40  20  0  -17.47  -0.009  -20  0 
ang 0.1  0  -10.25  20.5  -115.59  45.31  10.26  0  -12.26  28.85  -45.88  30.81  12.26  -44.509  40  20  0  -17.47  -0.009  -20  0 
ang 0.5  0  -20.25  -24.04  -127.464  -42.121  10.26  -26.876  -10.25  10.949  0.639  5.569  10.25  -79.189  10  20  0  -20.29  -70  -20  0 
ang 0.4  0  -20.25  -24.04  -127.464  -42.121  10.26  -26.876  -10.25  10.949  0.639  5.569  10.25  -79.189  10  20  0  -20.29  -70  -20  0 
vel 0.5  2.889  2.369  -2.328  2.942  3.964  0  -1.846  1.317  -0.021  0.066  -0.036  0  2.267  0  0  0  1.365  0  0  0 
vel 0.1  -0.045  3.323  -1.566  2.597  -7.838  0  -2.122  3.947  -0.017  0.053  -0.03  0  1.823  0  0  0  1.098  0  0  0 
vel 0.5  -1.624  1.673  5.958  7.103  -0.841  0  1.478  -1.044  -0.014  -7.181  -2.497  0  -1.99  0  0  0  -8.335  0.001  0  0 
vel 0.4  1.457  8.236  8.532  6.412  -1.718  0  2.126  -2.648  -0.011  -6.738  -2.338  0  -2.085  -0.001  0.001  0  -7.946  0.001  0  0 
vel 0.02  4.179  -1.1  7.002  0.185  2.22  0  -0.63  1.046  -0.008  -5.763  -2.526  0  -1.699  -0.001  0.001  0  -6.809  0  0  0 
vel 0.02  -11.943  4.336  9.875  12.995  -1.626  -5.64  2.93  -1.676  -5.138  -9.665  -6.411  2.36  -7.869  0  0  0  -8.896  0  0  0 
vel 0.02  -8.407  5.657  10.382  13.551  -1.708  -5.287  6.417  -1.603  -4.816  -8.369  -5.705  2.212  -7.174  0  0  0  -7.644  0  -0.001  0 
vel 0.02  -4.392  7.208  7.641  8.937  -0.907  -4.332  5.52  0.523  -5.629  -7.31  -4.612  1.782  -6.07  0  0  0  -6.592  0  -0.001  0 
vel 0.02  -15.313  4.656  12.974  14.147  14.81  -3.254  3.541  3.325  -6.493  -14.304  -3.638  1.404  -8.366  0  0  0  -5.539  0.001  0  0 
vel 0.02  -6.975  6.644  13.157  10.769  5.819  -2.645  4.971  5.266  -5.406  -12.748  -2.866  1.104  -7.117  -0.001  0  0  -4.488  0.001  0  0 
vel 0.02  -7.526  5.168  9.958  14.888  9.638  -2.131  4.43  -2.416  -4.924  -11.693  -2.251  0.869  -6.066  -0.001  0.001  0  -3.548  0  0  0 
vel 0.02  -6.839  2.354  11.405  11.919  3.615  -1.705  -1.975  -0.118  -3.973  -10.637  -1.77  0.681  -5.018  0  0.001  -0.001  -1.735  0  0  0.001 
vel 0.02  -5.331  4.401  12.188  14.049  6.408  -1.356  5.595  -3.518  -3.134  -9.583  -1.39  0.534  -3.98  0  0  -0.001  -1.204  0  0  0.001 
vel 0.02  -8.712  0.747  8.579  10.079  11.234  -1.074  -4.43  0.89  -2.464  -8.528  -1.091  0.419  -3.133  0  0  0  -0.926  0  -0.001  0 
