4 14
ang 0.5  0  10.25  32.299  -68.61  39.8  -10.26  0  12.25  28.93  -45.79  30.63  -12.26  -44.509  40  20  0  -17.47  -0.009  -20  0 
ang 0.1  0  10.25  20.5  -115.59  45.31  -10.26  0  12.26  28.85  -45.88  30.81  -12.26  -44.509  40  20  0  -17.47  -0.009  -20  0 
ang 0.5  0  19.25  -24.04  -127.722  -41.654  -10.26  -27.273  10.25  10.949  0.639  2.569  -10.25  -79.189  10  20  0  -20.29  -70  -20  0 
ang 0.4  0  19.25  -24.04  -127.722  -41.654  -10.26  -27.273  10.25  10.949  0.639  2.569  -10.25  -79.189  10  20  0  -20.29  -70  -20  0 
vel 0.5  -0.6  -2.517  0.381  1.038  -0.932  0  -0.878  -1.999  -0.021  0.066  -0.036  0  2.267  0  0  0  1.365  0  0  0 
vel 0.1  -0.162  -3.484  1.608  1.642  -5  0  -1.057  -2  -0.017  0.053  -0.03  0  1.823  0  0  0  1.098  0  0  0 
vel 0.5  -0.492  -2.043  4.927  7.493  -1.229  0  2.173  0.036  -0.014  -7.181  -2.497  0  -1.99  0  0  0  -8.335  0.001  0  0 
vel 0.4  -0.065  -5  5.724  5.057  -0.721  0  1.971  1.628  -0.011  -6.738  -2.338  0  -2.085  -0.001  0.001  0  -7.946  0.001  0  0 
vel 0.02  -0.32  2.155  7.555  0.233  0  0  -1.797  0.083  -0.008  -5.763  -2.526  0  -1.699  -0.001  0.001  0  -6.809  0  0  0 
vel 0.02  -9.07  -4.887  9.694  8.571  -0.895  5.64  1.693  2  -5.138  -9.665  -6.411  -2.36  -7.869  0  0  0  -8.896  0  0  0 
vel 0.02  -9.327  -4.88  9.165  9.734  -1.971  5.287  5.902  1.868  -4.816  -8.369  -5.705  -2.212  -7.174  0  0  0  -7.644  0  -0.001  0 
vel 0.02  -3.17  -4.762  7.291  7.499  -0.705  4.332  4.072  0.994  -5.629  -7.31  -4.612  -1.782  -6.07  0  0  0  -6.592  0  -0.001  0 
vel 0.02  -9.38  -3.931  9.86  8.715  -0.819  3.254  3.346  -1.294  -6.493  -14.304  -3.638  -1.404  -8.366  0  0  0  -5.539  0.001  0  0 
vel 0.02  -8.744  -3.735  9.254  9.882  -0.812  2.645  2.987  -2  -5.406  -12.748  -2.866  -1.104  -7.117  -0.001  0  0  -4.488  0.001  0  0 
vel 0.02  -7.694  -5  9.327  9.707  -0.206  2.131  4.104  0.91  -4.924  -11.693  -2.251  -0.869  -6.066  -0.001  0.001  0  -3.548  0  0  0 
vel 0.02  -6.88  -1.856  9.362  8.988  -0.409  1.705  -1.343  0.732  -3.973  -10.637  -1.77  -0.681  -5.018  0  0.001  -0.001  -1.735  0  0  0.001 
vel 0.02  -5.965  -4.09  9.313  9.308  -0.335  1.356  5.588  0.821  -3.134  -9.583  -1.39  -0.534  -3.98  0  0  -0.001  -1.204  0  0  0.001 
vel 0.02  -8.91  -0.314  7.969  9.031  -0.068  1.074  -2  -0.121  -2.464  -8.528  -1.091  -0.419  -3.133  0  0  0  -0.926  0  -0.001  0 
