4 14 
 
 ang 0.5 -0.0000	-12.2500	28.9300	-45.7900	30.6300	12.2600	-0.0000	-10.2500	32.3000	-68.6100	39.8000	10.2600	-17.4700	0.0090	20.0000	-0.0000	-44.5090	-40.0000	-20.0000	0.0000	
 ang 0.1 -0.0000	-12.2600	28.8500	-45.8800	30.8100	12.2600	-0.0000	-10.2500	20.5000	-115.5900	45.3100	10.2600	-17.4700	0.0090	20.0000	-0.0000	-44.5090	-40.0000	-20.0000	0.0000	
 ang 0.5 -27.0671	-10.2500	10.9490	0.6390	5.5690	10.2500	0.0000	-30.2500	-24.0400	-128.0835	-42.0233	10.2600	-20.2900	70.0000	20.0000	-0.0000	-79.1890	-10.0000	-20.0000	0.0000	
 ang 0.4 -27.0671	-10.2500	10.9490	0.6390	5.5690	10.2500	0.0000	-30.2500	-24.0400	-128.0835	-42.0233	10.2600	-20.2900	70.0000	20.0000	-0.0000	-79.1890	-10.0000	-20.0000	0.0000	
 
 vel 0.02 -1.0824	1.5908	-0.0219	0.0669	-0.0363	0.0008	-0.1670	3.6747	0.3506	2.6174	0.0000	0.0008	1.3654	0.0005	-0.0005	-0.0002	2.2670	-0.0005	0.0004	0.0002	
 vel 0.02 0.4387	2.0000	-0.0173	0.0531	-0.0303	0.0008	0.0000	4.3545	0.0279	2.9021	-4.1796	-0.0008	1.0982	0.0005	-0.0004	-0.0002	1.8238	-0.0005	0.0004	0.0002	
 vel 0.02 3.0802	1.1207	-0.0143	-7.1814	-2.4977	-0.0008	-0.1172	2.1435	4.0696	6.7481	-0.3282	-0.0007	-8.3356	-0.0011	-0.0004	-0.0002	-1.9907	-0.0005	0.0004	0.0002	
 vel 0.02 3.6638	-2.0000	-0.0114	-6.7388	-2.3388	-0.0007	-0.4731	4.6038	6.8310	3.4784	-1.7755	-0.0007	-7.9465	-0.0010	-0.0004	-0.0002	-2.0850	0.0011	-0.0012	0.0002	
 vel 0.02 -0.9659	1.7184	-0.0083	-5.7638	-2.5263	-0.0007	-0.0209	1.2541	7.1602	0.6449	-2.0668	0.0009	-6.8091	0.0006	-0.0004	-0.0002	-1.6993	0.0010	-0.0011	0.0002	
 vel 0.02 2.1852	-1.2249	-5.1385	-9.6657	-6.4116	2.3601	-9.5587	5.0000	9.3756	8.9955	-2.7878	-5.6400	-8.8966	0.0005	-0.0004	-0.0002	-7.8693	-0.0006	0.0005	0.0002	
 vel 0.02 5.3581	-1.7876	-4.8163	-8.3697	-5.7056	2.2125	-8.8158	5.0000	9.5580	10.0000	-2.0231	-5.2875	-7.6441	0.0005	0.0012	-0.0002	-7.1747	-0.0005	0.0004	0.0002	
 vel 0.02 3.2111	1.0038	-5.6292	-7.3109	-4.6129	1.7821	-3.6167	4.7455	9.0650	9.4454	-0.2013	-4.3323	-6.5929	0.0005	0.0011	-0.0002	-6.0709	-0.0005	0.0004	0.0002	
 vel 0.02 3.9031	0.6960	-6.4937	-14.3044	-3.6382	1.4042	-9.7999	3.5291	9.8094	8.9772	-0.2864	-3.2544	-5.5398	-0.0011	-0.0005	-0.0002	-8.3666	-0.0005	0.0004	0.0002	
 vel 0.02 2.9676	2.0000	-5.4061	-12.7485	-2.8667	1.1047	-7.9213	4.3772	9.6309	9.2151	-1.5448	-2.6455	-4.4884	-0.0010	-0.0004	-0.0002	-7.1171	0.0011	0.0004	0.0002	
 vel 0.02 4.5329	-1.9070	-4.9249	-11.6939	-2.2518	0.8690	-6.7707	4.2313	9.7263	9.4769	-0.1697	-2.1312	-3.5489	0.0006	-0.0004	-0.0002	-6.0665	0.0010	-0.0012	0.0002	
 vel 0.02 -1.0988	-0.4661	-3.9734	-10.6378	-1.7703	0.6818	-5.6975	2.2806	9.4789	9.7936	-0.1074	-1.7052	-1.7355	0.0005	-0.0004	0.0014	-5.0181	-0.0006	-0.0011	-0.0014	
 vel 0.02 5.7366	-1.5359	-3.1342	-9.5834	-1.3902	0.5345	-4.1929	4.0984	9.4395	8.8465	0.0000	-1.3564	-1.2048	0.0005	-0.0004	0.0013	-3.9808	-0.0005	0.0005	-0.0013	
 vel 0.02 -1.0581	1.6317	-2.4641	-8.5289	-1.0912	0.4197	-9.1444	-0.0955	8.8946	8.4043	-0.6130	-1.0744	-0.9269	0.0005	0.0012	-0.0003	-3.1332	-0.0005	0.0004	0.0003	