4 14
ang 0.5  0  10.25  32.299  -68.61  39.8  -10.26  0  12.25  28.93  -45.79  30.63  -12.26  -44.509  40  20  0  -17.47  -0.009  -20  0 
ang 0.1  0  10.25  20.5  -115.59  45.31  -10.26  0  12.26  28.85  -45.88  30.81  -12.26  -44.509  40  20  0  -17.47  -0.009  -20  0 
ang 0.5  0  10.25  -24.04  -128.595  -43.555  -10.26  -28.834  10.25  10.949  0.639  -2.569  -10.25  -79.189  10  20  0  -20.29  -70  -20  0 
ang 0.4  0  10.25  -24.04  -128.595  -43.555  -10.26  -28.834  10.25  10.949  0.639  -2.569  -10.25  -79.189  10  20  0  -20.29  -70  -20  0 
vel 0.5  0  -1.483  0.604  3.018  -0.122  0  -1.716  0.344  -0.021  0.066  -0.036  0  2.267  0  0  0  1.365  0  0  0 
vel 0.1  -1.118  -3.645  0.349  3.16  -5  0  -1.415  -1.355  -0.017  0.053  -0.03  0  1.823  0  0  0  1.098  0  0  0 
vel 0.5  -2.285  -1.846  6.457  8.38  -1.452  0  3.366  2  -0.014  -7.181  -2.497  0  -1.99  0  0  0  -8.335  0.001  0  0 
vel 0.4  -0.578  -4.367  8.472  7.94  -3.122  0  3.276  1.394  -0.011  -6.738  -2.338  0  -2.085  -0.001  0.001  0  -7.946  0.001  0  0 
vel 0.02  -0.293  1.761  7.212  0.28  -0.359  0  -1.443  -0.026  -0.008  -5.763  -2.526  0  -1.699  -0.001  0.001  0  -6.809  0  0  0 
vel 0.02  -9.565  -3.192  8.859  9.124  -3.124  5.64  2.725  1.964  -5.138  -9.665  -6.411  -2.36  -7.869  0  0  0  -8.896  0  0  0 
vel 0.02  -9.338  -4.06  8.493  9.803  -1.452  5.287  3.987  2  -4.816  -8.369  -5.705  -2.212  -7.174  0  0  0  -7.644  0  -0.001  0 
vel 0.02  -4.157  -4.448  5.56  8.374  0  4.332  3.129  0.838  -5.629  -7.31  -4.612  -1.782  -6.07  0  0  0  -6.592  0  -0.001  0 
vel 0.02  -10  -3.894  9.443  10  -3.387  3.254  4.347  1.336  -6.493  -14.304  -3.638  -1.404  -8.366  0  0  0  -5.539  0.001  0  0 
vel 0.02  -6.039  -5  9.162  8.344  -0.662  2.645  4.221  -2  -5.406  -12.748  -2.866  -1.104  -7.117  -0.001  0  0  -4.488  0.001  0  0 
vel 0.02  -5.332  -5  10  9.443  -0.427  2.131  5.731  1.799  -4.924  -11.693  -2.251  -0.869  -6.066  -0.001  0.001  0  -3.548  0  0  0 
vel 0.02  -7.623  -2.118  8.975  9.786  -0.58  1.705  -1.696  0.075  -3.973  -10.637  -1.77  -0.681  -5.018  0  0.001  -0.001  -1.735  0  0  0.001 
vel 0.02  -2.634  -4.636  9.167  9.516  -2.655  1.356  5.997  0.557  -3.134  -9.583  -1.39  -0.534  -3.98  0  0  -0.001  -1.204  0  0  0.001 
vel 0.02  -9.392  1.778  9.399  7.801  -0.338  1.074  -0.617  0.298  -2.464  -8.528  -1.091  -0.419  -3.133  0  0  0  -0.926  0  -0.001  0 
