4 14 
 
 ang 0.5 -0.0000	-12.2500	28.9300	-45.7900	30.6300	12.2600	-0.0000	-10.2500	32.3000	-68.6100	39.8000	10.2600	-17.4700	0.0090	20.0000	-0.0000	-44.5090	-40.0000	-20.0000	0.0000	
 ang 0.1 -0.0000	-12.2600	28.8500	-45.8800	30.8100	12.2600	-0.0000	-10.2500	20.5000	-115.5900	45.3100	10.2600	-17.4700	0.0090	20.0000	-0.0000	-44.5090	-40.0000	-20.0000	0.0000	
 ang 0.5 -26.5420	-10.2500	10.9490	0.6390	2.5690	10.2500	0.0000	-10.2500	-24.0400	-128.8623	-42.1791	10.2600	-20.2900	70.0000	20.0000	-0.0000	-79.1890	-10.0000	-20.0000	0.0000	
 ang 0.4 -26.5420	-10.2500	10.9490	0.6390	2.5690	10.2500	0.0000	-10.2500	-24.0400	-128.8623	-42.1791	10.2600	-20.2900	70.0000	20.0000	-0.0000	-79.1890	-10.0000	-20.0000	0.0000	
 
 vel 0.02 0.1669	1.5872	-0.0219	0.0669	-0.0363	0.0008	-0.3270	1.5362	0.0000	1.1907	-0.0253	0.0008	1.3654	0.0005	-0.0005	-0.0002	2.2670	-0.0005	0.0004	0.0002	
 vel 0.02 -0.8441	1.4180	-0.0173	0.0531	-0.0303	0.0008	0.0000	4.0936	0.0000	3.1064	-4.0588	-0.0008	1.0982	0.0005	-0.0004	-0.0002	1.8238	-0.0005	0.0004	0.0002	
 vel 0.02 2.4323	0.1290	-0.0143	-7.1814	-2.4977	-0.0008	-0.7419	1.4882	5.9098	8.3371	-0.9123	-0.0007	-8.3356	-0.0011	-0.0004	-0.0002	-1.9907	-0.0005	0.0004	0.0002	
 vel 0.02 3.2238	-2.0000	-0.0114	-6.7388	-2.3388	-0.0007	-0.4477	5.0000	8.3267	4.8068	-1.4514	-0.0007	-7.9465	-0.0010	-0.0004	-0.0002	-2.0850	0.0011	-0.0012	0.0002	
 vel 0.02 -2.0000	0.3457	-0.0083	-5.7638	-2.5263	-0.0007	-0.1272	-0.7755	8.1019	0.3181	-0.7514	0.0009	-6.8091	0.0006	-0.0004	-0.0002	-1.6993	0.0010	-0.0011	0.0002	
 vel 0.02 2.7648	-2.0000	-5.1385	-9.6657	-6.4116	2.3601	-9.6659	4.8862	9.0227	9.4406	-1.2946	-5.6400	-8.8966	0.0005	-0.0004	-0.0002	-7.8693	-0.0006	0.0005	0.0002	
 vel 0.02 5.3562	-2.0000	-4.8163	-8.3697	-5.7056	2.2125	-9.0441	4.9419	9.1198	9.6667	-2.2394	-5.2875	-7.6441	0.0005	0.0012	-0.0002	-7.1747	-0.0005	0.0004	0.0002	
 vel 0.02 4.1080	-1.3163	-5.6292	-7.3109	-4.6129	1.7821	-4.2687	5.0000	7.2976	9.2018	-0.7064	-4.3323	-6.5929	0.0005	0.0011	-0.0002	-6.0709	-0.0005	0.0004	0.0002	
 vel 0.02 2.9377	2.0000	-6.4937	-14.3044	-3.6382	1.4042	-9.4948	4.9014	9.9945	9.5365	-0.1019	-3.2544	-5.5398	-0.0011	-0.0005	-0.0002	-8.3666	-0.0005	0.0004	0.0002	
 vel 0.02 4.9110	1.9865	-5.4061	-12.7485	-2.8667	1.1047	-7.4804	4.9619	9.5888	8.0870	-2.0095	-2.6455	-4.4884	-0.0010	-0.0004	-0.0002	-7.1171	0.0011	0.0004	0.0002	
 vel 0.02 5.7022	-1.9845	-4.9249	-11.6939	-2.2518	0.8690	-7.8922	5.0000	10.0000	10.0000	-0.2476	-2.1312	-3.5489	0.0006	-0.0004	-0.0002	-6.0665	0.0010	-0.0012	0.0002	
 vel 0.02 -0.7942	0.0085	-3.9734	-10.6378	-1.7703	0.6818	-7.0215	2.8861	9.1079	8.7231	-0.1256	-1.7052	-1.7355	0.0005	-0.0004	0.0014	-5.0181	-0.0006	-0.0011	-0.0014	
 vel 0.02 5.5038	-1.0738	-3.1342	-9.5834	-1.3902	0.5345	-3.5874	5.0000	9.6623	7.8957	0.0000	-1.3564	-1.2048	0.0005	-0.0004	0.0013	-3.9808	-0.0005	0.0005	-0.0013	
 vel 0.02 -0.7118	0.4284	-2.4641	-8.5289	-1.0912	0.4197	-8.5931	1.2494	8.2444	7.7129	-0.4409	-1.0744	-0.9269	0.0005	0.0012	-0.0003	-3.1332	-0.0005	0.0004	0.0003	