4 14
ang 0.5  0  10.25  32.299  -68.61  39.8  -10.26  0  12.25  28.93  -45.79  30.63  -12.26  -44.509  40  20  0  -17.47  -0.009  -20  0 
ang 0.1  0  10.25  20.5  -115.59  45.31  -10.26  0  12.26  28.85  -45.88  30.81  -12.26  -44.509  40  20  0  -17.47  -0.009  -20  0 
ang 0.5  0  20.25  -24.04  -128.78  -41.95  -10.26  -28.941  10.25  10.949  0.639  -2.569  -10.25  -79.189  10  20  0  -20.29  -70  -20  0 
ang 0.4  0  20.25  -24.04  -128.78  -41.95  -10.26  -28.941  10.25  10.949  0.639  -2.569  -10.25  -79.189  10  20  0  -20.29  -70  -20  0 
vel 0.5  2.71  -3.077  -3.018  2.956  0.701  0  -1.581  -2.03  -0.021  0.066  -0.036  0  2.267  0  0  0  1.365  0  0  0 
vel 0.1  0.722  -2.44  -0.147  2.249  -6.658  0  -2.301  -2.768  -0.017  0.053  -0.03  0  1.823  0  0  0  1.098  0  0  0 
vel 0.5  -3.12  -2.214  6.463  9.377  -1.107  0  1.957  0.753  -0.014  -7.181  -2.497  0  -1.99  0  0  0  -8.335  0.001  0  0 
vel 0.4  1.714  -5.512  7.795  6.257  -2.081  0  1.935  3.276  -0.011  -6.738  -2.338  0  -2.085  -0.001  0.001  0  -7.946  0.001  0  0 
vel 0.02  5.553  1.119  6.343  -1.029  2.27  0  -2.419  -2.229  -0.008  -5.763  -2.526  0  -1.699  -0.001  0.001  0  -6.809  0  0  0 
vel 0.02  -14.204  -5.558  9.706  12.591  -1.994  5.64  0.364  3.093  -5.138  -9.665  -6.411  -2.36  -7.869  0  0  0  -8.896  0  0  0 
vel 0.02  -9.789  -6.468  9.662  14.787  -1.884  5.287  5.548  1.558  -4.816  -8.369  -5.705  -2.212  -7.174  0  0  0  -7.644  0  -0.001  0 
vel 0.02  -6.079  -5.54  6.289  7.433  -0.478  4.332  4.314  0.509  -5.629  -7.31  -4.612  -1.782  -6.07  0  0  0  -6.592  0  -0.001  0 
vel 0.02  -15.411  -3.628  13.757  15.455  14.941  3.254  2.748  -0.986  -6.493  -14.304  -3.638  -1.404  -8.366  0  0  0  -5.539  0.001  0  0 
vel 0.02  -7.326  -5.036  12.55  11.09  4.473  2.645  2.324  -5.083  -5.406  -12.748  -2.866  -1.104  -7.117  -0.001  0  0  -4.488  0.001  0  0 
vel 0.02  -5.899  -5.59  11.05  14.19  11.051  2.131  6.123  3.196  -4.924  -11.693  -2.251  -0.869  -6.066  -0.001  0.001  0  -3.548  0  0  0 
vel 0.02  -8.604  -1.924  11.351  13.306  5.314  1.705  -2.108  1.01  -3.973  -10.637  -1.77  -0.681  -5.018  0  0.001  -0.001  -1.735  0  0  0.001 
vel 0.02  -4.736  -3.964  13.403  14.873  5.385  1.356  6.442  3.814  -3.134  -9.583  -1.39  -0.534  -3.98  0  0  -0.001  -1.204  0  0  0.001 
vel 0.02  -8.675  -0.018  8.598  8.903  9.736  1.074  -5.275  -0.349  -2.464  -8.528  -1.091  -0.419  -3.133  0  0  0  -0.926  0  -0.001  0 
