4 14
ang 0.5  0  10.25  32.299  -68.61  39.8  -10.26  0  12.25  28.93  -45.79  30.63  -12.26  -44.509  40  20  0  -17.47  -0.009  -20  0 
ang 0.1  0  10.25  20.5  -115.59  45.31  -10.26  0  12.26  28.85  -45.88  30.81  -12.26  -44.509  40  20  0  -17.47  -0.009  -20  0 
ang 0.5  0  30.25  -24.04  -128.083  -42.023  -10.26  -27.067  10.25  10.949  0.639  5.569  -10.25  -79.189  10  20  0  -20.29  -70  -20  0 
ang 0.4  0  30.25  -24.04  -128.083  -42.023  -10.26  -27.067  10.25  10.949  0.639  5.569  -10.25  -79.189  10  20  0  -20.29  -70  -20  0 
vel 0.5  -0.167  -3.674  0.35  2.617  0  0  -1.082  -1.59  -0.021  0.066  -0.036  0  2.267  0  0  0  1.365  0  0  0 
vel 0.1  0  -4.354  0.027  2.902  -4.179  0  0.438  -2  -0.017  0.053  -0.03  0  1.823  0  0  0  1.098  0  0  0 
vel 0.5  -0.117  -2.143  4.069  6.748  -0.328  0  3.08  -1.12  -0.014  -7.181  -2.497  0  -1.99  0  0  0  -8.335  0.001  0  0 
vel 0.4  -0.473  -4.603  6.831  3.478  -1.775  0  3.663  2  -0.011  -6.738  -2.338  0  -2.085  -0.001  0.001  0  -7.946  0.001  0  0 
vel 0.02  -0.02  -1.254  7.16  0.644  -2.066  0  -0.965  -1.718  -0.008  -5.763  -2.526  0  -1.699  -0.001  0.001  0  -6.809  0  0  0 
vel 0.02  -9.558  -5  9.375  8.995  -2.787  5.64  2.185  1.224  -5.138  -9.665  -6.411  -2.36  -7.869  0  0  0  -8.896  0  0  0 
vel 0.02  -8.815  -5  9.558  10  -2.023  5.287  5.358  1.787  -4.816  -8.369  -5.705  -2.212  -7.174  0  0  0  -7.644  0  -0.001  0 
vel 0.02  -3.616  -4.745  9.065  9.445  -0.201  4.332  3.211  -1.003  -5.629  -7.31  -4.612  -1.782  -6.07  0  0  0  -6.592  0  -0.001  0 
vel 0.02  -9.799  -3.529  9.809  8.977  -0.286  3.254  3.903  -0.696  -6.493  -14.304  -3.638  -1.404  -8.366  0  0  0  -5.539  0.001  0  0 
vel 0.02  -7.921  -4.377  9.63  9.215  -1.544  2.645  2.967  -2  -5.406  -12.748  -2.866  -1.104  -7.117  -0.001  0  0  -4.488  0.001  0  0 
vel 0.02  -6.77  -4.231  9.726  9.476  -0.169  2.131  4.532  1.907  -4.924  -11.693  -2.251  -0.869  -6.066  -0.001  0.001  0  -3.548  0  0  0 
vel 0.02  -5.697  -2.28  9.478  9.793  -0.107  1.705  -1.098  0.466  -3.973  -10.637  -1.77  -0.681  -5.018  0  0.001  -0.001  -1.735  0  0  0.001 
vel 0.02  -4.192  -4.098  9.439  8.846  0  1.356  5.736  1.535  -3.134  -9.583  -1.39  -0.534  -3.98  0  0  -0.001  -1.204  0  0  0.001 
vel 0.02  -9.144  0.095  8.894  8.404  -0.613  1.074  -1.058  -1.631  -2.464  -8.528  -1.091  -0.419  -3.133  0  0  0  -0.926  0  -0.001  0 
