4 14
ang 0.5  0  10.25  32.299  -68.61  39.8  -10.26  0  12.25  28.93  -45.79  30.63  -12.26  -44.509  40  20  0  -17.47  -0.009  -20  0 
ang 0.1  0  10.25  20.5  -115.59  45.31  -10.26  0  12.26  28.85  -45.88  30.81  -12.26  -44.509  40  20  0  -17.47  -0.009  -20  0 
ang 0.5  0  10.25  -24.04  -128.809  -40.83  -10.26  -26.125  10.25  10.949  0.639  -0.569  -10.25  -79.189  10  20  0  -20.29  -70  -20  0 
ang 0.4  0  10.25  -24.04  -128.809  -40.83  -10.26  -26.125  10.25  10.949  0.639  -0.569  -10.25  -79.189  10  20  0  -20.29  -70  -20  0 
vel 0.5  -0.357  -1.016  0  3.32  -0.286  0  0.181  -1.824  -0.021  0.066  -0.036  0  2.267  0  0  0  1.365  0  0  0 
vel 0.1  0  -5  0.387  2.235  -4.666  0  -2  -1.185  -0.017  0.053  -0.03  0  1.823  0  0  0  1.098  0  0  0 
vel 0.5  -0.477  -2.663  3.371  8.323  -0.044  0  1.49  -0.243  -0.014  -7.181  -2.497  0  -1.99  0  0  0  -8.335  0.001  0  0 
vel 0.4  0  -4.838  6.975  4.969  -2.925  0  2.745  2  -0.011  -6.738  -2.338  0  -2.085  -0.001  0.001  0  -7.946  0.001  0  0 
vel 0.02  0  -0.302  7.941  0  -0.306  0  -2  -0.666  -0.008  -5.763  -2.526  0  -1.699  -0.001  0.001  0  -6.809  0  0  0 
vel 0.02  -9.873  -4.199  10  9.599  -3.88  5.64  3.535  1.905  -5.138  -9.665  -6.411  -2.36  -7.869  0  0  0  -8.896  0  0  0 
vel 0.02  -10  -5  10  8.978  -0.277  5.287  5.227  2  -4.816  -8.369  -5.705  -2.212  -7.174  0  0  0  -7.644  0  -0.001  0 
vel 0.02  -4.152  -4.949  5.963  10  -1.556  4.332  5.608  -0.884  -5.629  -7.31  -4.612  -1.782  -6.07  0  0  0  -6.592  0  -0.001  0 
vel 0.02  -10  -3.529  9.936  9.587  0  3.254  3.892  -2  -6.493  -14.304  -3.638  -1.404  -8.366  0  0  0  -5.539  0.001  0  0 
vel 0.02  -6.433  -3.284  9.586  9.794  -2.196  2.645  4.707  -1.795  -5.406  -12.748  -2.866  -1.104  -7.117  -0.001  0  0  -4.488  0.001  0  0 
vel 0.02  -6.911  -5  8.775  10  -0.381  2.131  5.721  1.75  -4.924  -11.693  -2.251  -0.869  -6.066  -0.001  0.001  0  -3.548  0  0  0 
vel 0.02  -7.332  -3.736  8.807  9.903  -0.535  1.705  -1.167  0.224  -3.973  -10.637  -1.77  -0.681  -5.018  0  0.001  -0.001  -1.735  0  0  0.001 
vel 0.02  -5.766  -5  10  10  -0.308  1.356  4.549  1.746  -3.134  -9.583  -1.39  -0.534  -3.98  0  0  -0.001  -1.204  0  0  0.001 
vel 0.02  -8.305  -1.348  8.421  9.454  -0.019  1.074  -1.499  -1.508  -2.464  -8.528  -1.091  -0.419  -3.133  0  0  0  -0.926  0  -0.001  0 
