4 14 
 
 ang 0.5 -0.0000	-12.2500	28.9300	-45.7900	30.6300	12.2600	-0.0000	-10.2500	32.3000	-68.6100	39.8000	10.2600	-17.4700	0.0090	20.0000	-0.0000	-44.5090	-40.0000	-20.0000	0.0000	
 ang 0.1 -0.0000	-12.2600	28.8500	-45.8800	30.8100	12.2600	-0.0000	-10.2500	20.5000	-115.5900	45.3100	10.2600	-17.4700	0.0090	20.0000	-0.0000	-44.5090	-40.0000	-20.0000	0.0000	
 ang 0.5 -28.7809	-10.2500	10.9490	0.6390	-2.5690	10.2500	0.0000	-20.2500	-24.0400	-128.7500	-43.0175	10.2600	-20.2900	70.0000	20.0000	-0.0000	-79.1890	-10.0000	-20.0000	0.0000	
 ang 0.4 -28.7809	-10.2500	10.9490	0.6390	-2.5690	10.2500	0.0000	-20.2500	-24.0400	-128.7500	-43.0175	10.2600	-20.2900	70.0000	20.0000	-0.0000	-79.1890	-10.0000	-20.0000	0.0000	
 
 vel 0.02 -1.2472	0.3895	-0.0219	0.0669	-0.0363	0.0008	-0.0854	2.4317	0.4803	3.1226	-0.6581	0.0008	1.3654	0.0005	-0.0005	-0.0002	2.2670	-0.0005	0.0004	0.0002	
 vel 0.02 -0.8852	2.0000	-0.0173	0.0531	-0.0303	0.0008	-0.8091	3.9460	0.0864	2.0887	-5.0000	-0.0008	1.0982	0.0005	-0.0004	-0.0002	1.8238	-0.0005	0.0004	0.0002	
 vel 0.02 3.1504	-1.7130	-0.0143	-7.1814	-2.4977	-0.0008	-2.2468	2.2518	7.7055	7.9529	-2.1839	-0.0007	-8.3356	-0.0011	-0.0004	-0.0002	-1.9907	-0.0005	0.0004	0.0002	
 vel 0.02 2.3636	-1.0753	-0.0114	-6.7388	-2.3388	-0.0007	0.0000	5.0000	7.7115	8.5205	-2.2095	-0.0007	-7.9465	-0.0010	-0.0004	-0.0002	-2.0850	0.0011	-0.0012	0.0002	
 vel 0.02 -1.3365	1.6158	-0.0083	-5.7638	-2.5263	-0.0007	0.0000	-1.4521	6.7716	0.0000	-1.0982	0.0009	-6.8091	0.0006	-0.0004	-0.0002	-1.6993	0.0010	-0.0011	0.0002	
 vel 0.02 2.0729	-2.0000	-5.1385	-9.6657	-6.4116	2.3601	-9.8624	3.9143	9.0172	8.9889	-3.0596	-5.6400	-8.8966	0.0005	-0.0004	-0.0002	-7.8693	-0.0006	0.0005	0.0002	
 vel 0.02 4.6229	-2.0000	-4.8163	-8.3697	-5.7056	2.2125	-9.2097	5.0000	9.0658	9.6742	-1.8060	-5.2875	-7.6441	0.0005	0.0012	-0.0002	-7.1747	-0.0005	0.0004	0.0002	
 vel 0.02 2.6824	0.2305	-5.6292	-7.3109	-4.6129	1.7821	-4.4806	5.0000	6.3724	7.8757	-0.3386	-4.3323	-6.5929	0.0005	0.0011	-0.0002	-6.0709	-0.0005	0.0004	0.0002	
 vel 0.02 4.0105	-0.9148	-6.4937	-14.3044	-3.6382	1.4042	-10.0000	2.4740	10.0000	10.0000	-3.5191	-3.2544	-5.5398	-0.0011	-0.0005	-0.0002	-8.3666	-0.0005	0.0004	0.0002	
 vel 0.02 4.3148	1.7968	-5.4061	-12.7485	-2.8667	1.1047	-6.2822	4.8861	10.0000	9.4274	-0.3320	-2.6455	-4.4884	-0.0010	-0.0004	-0.0002	-7.1171	0.0011	0.0004	0.0002	
 vel 0.02 6.0000	-1.9035	-4.9249	-11.6939	-2.2518	0.8690	-5.6885	4.9304	9.8772	9.5641	-0.4094	-2.1312	-3.5489	0.0006	-0.0004	-0.0002	-6.0665	0.0010	-0.0012	0.0002	
 vel 0.02 -1.8711	0.1823	-3.9734	-10.6378	-1.7703	0.6818	-7.0586	1.8888	9.1652	9.0527	-0.3023	-1.7052	-1.7355	0.0005	-0.0004	0.0014	-5.0181	-0.0006	-0.0011	-0.0014	
 vel 0.02 5.2585	-1.1496	-3.1342	-9.5834	-1.3902	0.5345	-3.1116	3.7799	10.0000	10.0000	-2.5989	-1.3564	-1.2048	0.0005	-0.0004	0.0013	-3.9808	-0.0005	0.0005	-0.0013	
 vel 0.02 -2.0000	-0.4087	-2.4641	-8.5289	-1.0912	0.4197	-8.9520	-0.3374	8.7958	7.2071	0.0000	-1.0744	-0.9269	0.0005	0.0012	-0.0003	-3.1332	-0.0005	0.0004	0.0003	