4 14
ang 0.5  0  10.25  32.299  -68.61  39.8  -10.26  0  12.25  28.93  -45.79  30.63  -12.26  -44.509  40  20  0  -17.47  -0.009  -20  0 
ang 0.1  0  10.25  20.5  -115.59  45.31  -10.26  0  12.26  28.85  -45.88  30.81  -12.26  -44.509  40  20  0  -17.47  -0.009  -20  0 
ang 0.5  0  30.25  -24.04  -127.523  -41.77  -10.26  -27.363  10.25  10.949  0.639  2.569  -10.25  -79.189  10  20  0  -20.29  -70  -20  0 
ang 0.4  0  30.25  -24.04  -127.523  -41.77  -10.26  -27.363  10.25  10.949  0.639  2.569  -10.25  -79.189  10  20  0  -20.29  -70  -20  0 
vel 0.5  2.684  -2.005  -2.635  2.204  2.073  0  -2.211  -2.423  -0.021  0.066  -0.036  0  2.267  0  0  0  1.365  0  0  0 
vel 0.1  -0.613  -3.75  -1.307  2.508  -7.747  0  -1.433  -3.436  -0.017  0.053  -0.03  0  1.823  0  0  0  1.098  0  0  0 
vel 0.5  -1.857  -1.154  6.169  7.246  -0.553  0  0.397  1.04  -0.014  -7.181  -2.497  0  -1.99  0  0  0  -8.335  0.001  0  0 
vel 0.4  1.78  -7.589  7.425  5.756  -1.305  0  2.695  2.495  -0.011  -6.738  -2.338  0  -2.085  -0.001  0.001  0  -7.946  0.001  0  0 
vel 0.02  4.799  1  7.545  -0.734  1.449  0  -0.653  -0.688  -0.008  -5.763  -2.526  0  -1.699  -0.001  0.001  0  -6.809  0  0  0 
vel 0.02  -12.49  -4.497  9.98  12.369  -1.664  5.64  2.39  3.295  -5.138  -9.665  -6.411  -2.36  -7.869  0  0  0  -8.896  0  0  0 
vel 0.02  -9.681  -5.988  9.804  13.787  -1.68  5.287  6.694  1.839  -4.816  -8.369  -5.705  -2.212  -7.174  0  0  0  -7.644  0  -0.001  0 
vel 0.02  -5.04  -6.253  7.04  8.867  -0.744  4.332  4.669  -0.135  -5.629  -7.31  -4.612  -1.782  -6.07  0  0  0  -6.592  0  -0.001  0 
vel 0.02  -14.953  -4.43  13.901  15.099  14.927  3.254  2.819  -2.472  -6.493  -14.304  -3.638  -1.404  -8.366  0  0  0  -5.539  0.001  0  0 
vel 0.02  -7.746  -5.43  12.906  10.958  6.405  2.645  4.063  -4.041  -5.406  -12.748  -2.866  -1.104  -7.117  -0.001  0  0  -4.488  0.001  0  0 
vel 0.02  -6.985  -6.201  9.659  14.157  9.183  2.131  4.391  3.039  -4.924  -11.693  -2.251  -0.869  -6.066  -0.001  0.001  0  -3.548  0  0  0 
vel 0.02  -6.431  -2.142  11.473  12.438  3.668  1.705  -1.454  0.458  -3.973  -10.637  -1.77  -0.681  -5.018  0  0.001  -0.001  -1.735  0  0  0.001 
vel 0.02  -4.588  -4.56  12.31  14.358  6.471  1.356  5.433  4.154  -3.134  -9.583  -1.39  -0.534  -3.98  0  0  -0.001  -1.204  0  0  0.001 
vel 0.02  -8.227  -1.152  8.196  10.072  10.177  1.074  -4.161  -0.718  -2.464  -8.528  -1.091  -0.419  -3.133  0  0  0  -0.926  0  -0.001  0 
