4 14
ang 0.5  0  10.25  32.299  -68.61  39.8  -10.26  0  12.25  28.93  -45.79  30.63  -12.26  -44.509  40  20  0  -17.47  -0.009  -20  0 
ang 0.1  0  10.25  20.5  -115.59  45.31  -10.26  0  12.26  28.85  -45.88  30.81  -12.26  -44.509  40  20  0  -17.47  -0.009  -20  0 
ang 0.5  0  19.25  -24.04  -128.312  -41.743  -10.26  -27.845  10.25  10.949  0.639  -0.569  -10.25  -79.189  10  20  0  -20.29  -70  -20  0 
ang 0.4  0  19.25  -24.04  -128.312  -41.743  -10.26  -27.845  10.25  10.949  0.639  -0.569  -10.25  -79.189  10  20  0  -20.29  -70  -20  0 
vel 0.5  0  -1.625  0  2.184  -0.339  0  -1.171  -2  -0.021  0.066  -0.036  0  2.267  0  0  0  1.365  0  0  0 
vel 0.1  -0.116  -4.194  0  1.974  -5  0  -1.851  -2  -0.017  0.053  -0.03  0  1.823  0  0  0  1.098  0  0  0 
vel 0.5  -1.489  -2.12  3.964  7.415  -1.462  0  1.609  -0.075  -0.014  -7.181  -2.497  0  -1.99  0  0  0  -8.335  0.001  0  0 
vel 0.4  0  -5  7.748  5.524  -2.343  0  2.465  1.672  -0.011  -6.738  -2.338  0  -2.085  -0.001  0.001  0  -7.946  0.001  0  0 
vel 0.02  0  0.719  7.67  0.291  0  0  -2  -0.705  -0.008  -5.763  -2.526  0  -1.699  -0.001  0.001  0  -6.809  0  0  0 
vel 0.02  -9.541  -4.683  8.972  9.351  -2.04  5.64  2.366  1.696  -5.138  -9.665  -6.411  -2.36  -7.869  0  0  0  -8.896  0  0  0 
vel 0.02  -9.67  -5  9.229  9.813  -2.262  5.287  5.87  1.718  -4.816  -8.369  -5.705  -2.212  -7.174  0  0  0  -7.644  0  -0.001  0 
vel 0.02  -3.469  -3.944  7.631  8.843  -0.824  4.332  4.957  -0.36  -5.629  -7.31  -4.612  -1.782  -6.07  0  0  0  -6.592  0  -0.001  0 
vel 0.02  -10  -3.299  10  10  -0.119  3.254  1.837  -1.513  -6.493  -14.304  -3.638  -1.404  -8.366  0  0  0  -5.539  0.001  0  0 
vel 0.02  -7.537  -4.985  9.69  9.481  0  2.645  3.779  -2  -5.406  -12.748  -2.866  -1.104  -7.117  -0.001  0  0  -4.488  0.001  0  0 
vel 0.02  -6.956  -5  10  9.703  -0.365  2.131  5.872  2  -4.924  -11.693  -2.251  -0.869  -6.066  -0.001  0.001  0  -3.548  0  0  0 
vel 0.02  -6.27  -2.191  9.288  10  -0.304  1.705  -1.489  1.671  -3.973  -10.637  -1.77  -0.681  -5.018  0  0.001  -0.001  -1.735  0  0  0.001 
vel 0.02  -4.244  -4.365  10  9.571  -1.407  1.356  5.575  1.325  -3.134  -9.583  -1.39  -0.534  -3.98  0  0  -0.001  -1.204  0  0  0.001 
vel 0.02  -7.957  -1.214  9.395  9.174  -0.305  1.074  -0.574  -0.064  -2.464  -8.528  -1.091  -0.419  -3.133  0  0  0  -0.926  0  -0.001  0 
