4 14
ang 0.5  0  10.25  32.299  -68.61  39.8  -10.26  0  12.25  28.93  -45.79  30.63  -12.26  -44.509  40  20  0  -17.47  -0.009  -20  0 
ang 0.1  0  10.25  20.5  -115.59  45.31  -10.26  0  12.26  28.85  -45.88  30.81  -12.26  -44.509  40  20  0  -17.47  -0.009  -20  0 
ang 0.5  0  20.25  -24.04  -129.349  -41.565  -10.26  -28.699  10.25  10.949  0.639  -2.569  -10.25  -79.189  10  20  0  -20.29  -70  -20  0 
ang 0.4  0  20.25  -24.04  -129.349  -41.565  -10.26  -28.699  10.25  10.949  0.639  -2.569  -10.25  -79.189  10  20  0  -20.29  -70  -20  0 
vel 0.5  0  -3.29  0  2.695  -1.483  0  -1.886  -1.767  -0.021  0.066  -0.036  0  2.267  0  0  0  1.365  0  0  0 
vel 0.1  0  -1.532  0.502  2.001  -4.773  0  -1.687  0.062  -0.017  0.053  -0.03  0  1.823  0  0  0  1.098  0  0  0 
vel 0.5  -0.939  -1.884  7.368  7.741  -0.805  0  3.199  -0.211  -0.014  -7.181  -2.497  0  -1.99  0  0  0  -8.335  0.001  0  0 
vel 0.4  0  -5  8.773  7.431  -2.292  0  4.166  1.492  -0.011  -6.738  -2.338  0  -2.085  -0.001  0.001  0  -7.946  0.001  0  0 
vel 0.02  0  1.287  8.623  0.029  -0.199  0  -1.648  -1.394  -0.008  -5.763  -2.526  0  -1.699  -0.001  0.001  0  -6.809  0  0  0 
vel 0.02  -9.773  -5  9.524  8.777  -2.133  5.64  1.754  2  -5.138  -9.665  -6.411  -2.36  -7.869  0  0  0  -8.896  0  0  0 
vel 0.02  -9.141  -5  10  8.431  0  5.287  5.475  1.457  -4.816  -8.369  -5.705  -2.212  -7.174  0  0  0  -7.644  0  -0.001  0 
vel 0.02  -3.349  -4.561  7.041  7.442  -0.606  4.332  4.59  1.218  -5.629  -7.31  -4.612  -1.782  -6.07  0  0  0  -6.592  0  -0.001  0 
vel 0.02  -9.285  -3.101  9.628  9.705  0  3.254  1.839  -1.846  -6.493  -14.304  -3.638  -1.404  -8.366  0  0  0  -5.539  0.001  0  0 
vel 0.02  -7.07  -4.304  9.932  8.972  -0.25  2.645  2.768  -2  -5.406  -12.748  -2.866  -1.104  -7.117  -0.001  0  0  -4.488  0.001  0  0 
vel 0.02  -5.89  -4.968  9.632  9.456  -0.924  2.131  4.838  1.611  -4.924  -11.693  -2.251  -0.869  -6.066  -0.001  0.001  0  -3.548  0  0  0 
vel 0.02  -8.05  -2.814  8.377  9.84  -0.999  1.705  -2  0.841  -3.973  -10.637  -1.77  -0.681  -5.018  0  0.001  -0.001  -1.735  0  0  0.001 
vel 0.02  -4.308  -4.872  9.674  8.904  -0.653  1.356  5.607  1.617  -3.134  -9.583  -1.39  -0.534  -3.98  0  0  -0.001  -1.204  0  0  0.001 
vel 0.02  -8.985  0.822  9.055  7.78  -0.645  1.074  -1.031  0.128  -2.464  -8.528  -1.091  -0.419  -3.133  0  0  0  -0.926  0  -0.001  0 
