4 14 
 
 ang 0.5 -0.0000	-12.2500	28.9300	-45.7900	30.6300	12.2600	-0.0000	-10.2500	32.3000	-68.6100	39.8000	10.2600	-17.4700	0.0090	20.0000	-0.0000	-44.5090	-40.0000	-20.0000	0.0000	
 ang 0.1 -0.0000	-12.2600	28.8500	-45.8800	30.8100	12.2600	-0.0000	-10.2500	20.5000	-115.5900	45.3100	10.2600	-17.4700	0.0090	20.0000	-0.0000	-44.5090	-40.0000	-20.0000	0.0000	
 ang 0.5 -26.1251	-10.2500	10.9490	0.6390	-0.5690	10.2500	0.0000	-10.2500	-24.0400	-128.8093	-40.8305	10.2600	-20.2900	70.0000	20.0000	-0.0000	-79.1890	-10.0000	-20.0000	0.0000	
 ang 0.4 -26.1251	-10.2500	10.9490	0.6390	-0.5690	10.2500	0.0000	-10.2500	-24.0400	-128.8093	-40.8305	10.2600	-20.2900	70.0000	20.0000	-0.0000	-79.1890	-10.0000	-20.0000	0.0000	
 
 vel 0.02 0.1819	1.8241	-0.0219	0.0669	-0.0363	0.0008	-0.3575	1.0162	0.0000	3.3209	-0.2865	0.0008	1.3654	0.0005	-0.0005	-0.0002	2.2670	-0.0005	0.0004	0.0002	
 vel 0.02 -2.0000	1.1850	-0.0173	0.0531	-0.0303	0.0008	0.0000	5.0000	0.3873	2.2351	-4.6661	-0.0008	1.0982	0.0005	-0.0004	-0.0002	1.8238	-0.0005	0.0004	0.0002	
 vel 0.02 1.4905	0.2439	-0.0143	-7.1814	-2.4977	-0.0008	-0.4778	2.6636	3.3715	8.3230	-0.0447	-0.0007	-8.3356	-0.0011	-0.0004	-0.0002	-1.9907	-0.0005	0.0004	0.0002	
 vel 0.02 2.7455	-2.0000	-0.0114	-6.7388	-2.3388	-0.0007	0.0000	4.8387	6.9754	4.9699	-2.9251	-0.0007	-7.9465	-0.0010	-0.0004	-0.0002	-2.0850	0.0011	-0.0012	0.0002	
 vel 0.02 -2.0000	0.6661	-0.0083	-5.7638	-2.5263	-0.0007	0.0000	0.3029	7.9410	0.0000	-0.3061	0.0009	-6.8091	0.0006	-0.0004	-0.0002	-1.6993	0.0010	-0.0011	0.0002	
 vel 0.02 3.5353	-1.9058	-5.1385	-9.6657	-6.4116	2.3601	-9.8736	4.1990	10.0000	9.5990	-3.8807	-5.6400	-8.8966	0.0005	-0.0004	-0.0002	-7.8693	-0.0006	0.0005	0.0002	
 vel 0.02 5.2278	-2.0000	-4.8163	-8.3697	-5.7056	2.2125	-10.0000	5.0000	10.0000	8.9782	-0.2773	-5.2875	-7.6441	0.0005	0.0012	-0.0002	-7.1747	-0.0005	0.0004	0.0002	
 vel 0.02 5.6086	0.8844	-5.6292	-7.3109	-4.6129	1.7821	-4.1522	4.9493	5.9638	10.0000	-1.5561	-4.3323	-6.5929	0.0005	0.0011	-0.0002	-6.0709	-0.0005	0.0004	0.0002	
 vel 0.02 3.8921	2.0000	-6.4937	-14.3044	-3.6382	1.4042	-10.0000	3.5294	9.9360	9.5875	0.0000	-3.2544	-5.5398	-0.0011	-0.0005	-0.0002	-8.3666	-0.0005	0.0004	0.0002	
 vel 0.02 4.7075	1.7956	-5.4061	-12.7485	-2.8667	1.1047	-6.4337	3.2845	9.5868	9.7949	-2.1966	-2.6455	-4.4884	-0.0010	-0.0004	-0.0002	-7.1171	0.0011	0.0004	0.0002	
 vel 0.02 5.7217	-1.7501	-4.9249	-11.6939	-2.2518	0.8690	-6.9111	5.0000	8.7759	10.0000	-0.3814	-2.1312	-3.5489	0.0006	-0.0004	-0.0002	-6.0665	0.0010	-0.0012	0.0002	
 vel 0.02 -1.1672	-0.2247	-3.9734	-10.6378	-1.7703	0.6818	-7.3329	3.7361	8.8074	9.9039	-0.5350	-1.7052	-1.7355	0.0005	-0.0004	0.0014	-5.0181	-0.0006	-0.0011	-0.0014	
 vel 0.02 4.5490	-1.7461	-3.1342	-9.5834	-1.3902	0.5345	-5.7661	5.0000	10.0000	10.0000	-0.3083	-1.3564	-1.2048	0.0005	-0.0004	0.0013	-3.9808	-0.0005	0.0005	-0.0013	
 vel 0.02 -1.4991	1.5082	-2.4641	-8.5289	-1.0912	0.4197	-8.3058	1.3484	8.4211	9.4541	-0.0199	-1.0744	-0.9269	0.0005	0.0012	-0.0003	-3.1332	-0.0005	0.0004	0.0003	