4 14
ang 0.5  0  10.25  32.299  -68.61  39.8  -10.26  0  12.25  28.93  -45.79  30.63  -12.26  -44.509  40  20  0  -17.47  -0.009  -20  0 
ang 0.1  0  10.25  20.5  -115.59  45.31  -10.26  0  12.26  28.85  -45.88  30.81  -12.26  -44.509  40  20  0  -17.47  -0.009  -20  0 
ang 0.5  0  10.25  -24.04  -128.284  -43.955  -10.26  -28.836  10.25  10.949  0.639  -2.569  -10.25  -79.189  10  20  0  -20.29  -70  -20  0 
ang 0.4  0  10.25  -24.04  -128.284  -43.955  -10.26  -28.836  10.25  10.949  0.639  -2.569  -10.25  -79.189  10  20  0  -20.29  -70  -20  0 
vel 0.5  2.95  -1.472  -2.624  3.271  2.615  0  -2.647  -2.338  -0.021  0.066  -0.036  0  2.267  0  0  0  1.365  0  0  0 
vel 0.1  -0.165  -2.325  -0.634  4.779  -6.714  0  -2.771  -3.823  -0.017  0.053  -0.03  0  1.823  0  0  0  1.098  0  0  0 
vel 0.5  -2.023  0.725  5.994  9.215  -0.049  0  1.451  1.46  -0.014  -7.181  -2.497  0  -1.99  0  0  0  -8.335  0.001  0  0 
vel 0.4  1.983  -4.52  7.559  6.763  -0.522  0  2.983  2.579  -0.011  -6.738  -2.338  0  -2.085  -0.001  0.001  0  -7.946  0.001  0  0 
vel 0.02  3.541  1.893  6.233  -0.68  1.312  0  -2.514  -0.74  -0.008  -5.763  -2.526  0  -1.699  -0.001  0.001  0  -6.809  0  0  0 
vel 0.02  -13.413  -5.042  8.578  13.228  -2.794  5.64  0.326  3.219  -5.138  -9.665  -6.411  -2.36  -7.869  0  0  0  -8.896  0  0  0 
vel 0.02  -10.461  -4.751  10.491  12.999  -0.662  5.287  7.344  0.836  -4.816  -8.369  -5.705  -2.212  -7.174  0  0  0  -7.644  0  -0.001  0 
vel 0.02  -4.947  -5.358  8.956  6.019  -0.648  4.332  4.15  0.977  -5.629  -7.31  -4.612  -1.782  -6.07  0  0  0  -6.592  0  -0.001  0 
vel 0.02  -13.751  -2.354  14.908  17.269  15.672  3.254  3.883  0.134  -6.493  -14.304  -3.638  -1.404  -8.366  0  0  0  -5.539  0.001  0  0 
vel 0.02  -6.78  -5.121  12.796  11.252  5.975  2.645  2.505  -4.955  -5.406  -12.748  -2.866  -1.104  -7.117  -0.001  0  0  -4.488  0.001  0  0 
vel 0.02  -5.632  -5.815  12.554  15.97  10.473  2.131  6  3.246  -4.924  -11.693  -2.251  -0.869  -6.066  -0.001  0.001  0  -3.548  0  0  0 
vel 0.02  -7.534  -1.582  10.414  14.316  4.864  1.705  -2.632  -0.192  -3.973  -10.637  -1.77  -0.681  -5.018  0  0.001  -0.001  -1.735  0  0  0.001 
vel 0.02  -3.425  -5.104  13.264  14.204  5.678  1.356  7.173  4.374  -3.134  -9.583  -1.39  -0.534  -3.98  0  0  -0.001  -1.204  0  0  0.001 
vel 0.02  -8.496  -0.389  9.926  6.78  8.854  1.074  -5.216  0.189  -2.464  -8.528  -1.091  -0.419  -3.133  0  0  0  -0.926  0  -0.001  0 
