4 14
ang 0.5  0  10.25  32.299  -68.61  39.8  -10.26  0  12.25  28.93  -45.79  30.63  -12.26  -44.509  40  20  0  -17.47  -0.009  -20  0 
ang 0.1  0  10.25  20.5  -115.59  45.31  -10.26  0  12.26  28.85  -45.88  30.81  -12.26  -44.509  40  20  0  -17.47  -0.009  -20  0 
ang 0.5  0  30.25  -24.04  -128.455  -42.647  -10.26  -28.969  10.25  10.949  0.639  -2.569  -10.25  -79.189  10  20  0  -20.29  -70  -20  0 
ang 0.4  0  30.25  -24.04  -128.455  -42.647  -10.26  -28.969  10.25  10.949  0.639  -2.569  -10.25  -79.189  10  20  0  -20.29  -70  -20  0 
vel 0.5  2.511  -2.479  -3.618  2.43  1.659  0  -1.976  -1.471  -0.021  0.066  -0.036  0  2.267  0  0  0  1.365  0  0  0 
vel 0.1  -0.047  -2.178  -0.23  2.287  -6.977  0  -1.968  -3.819  -0.017  0.053  -0.03  0  1.823  0  0  0  1.098  0  0  0 
vel 0.5  -2.993  -1.086  6.758  8.439  -1.268  0  1.252  0.658  -0.014  -7.181  -2.497  0  -1.99  0  0  0  -8.335  0.001  0  0 
vel 0.4  1.955  -5.707  7.745  6.51  -1.958  0  1.893  2.64  -0.011  -6.738  -2.338  0  -2.085  -0.001  0.001  0  -7.946  0.001  0  0 
vel 0.02  4.527  1.4  7.22  -0.675  1.784  0  -2.027  -1.862  -0.008  -5.763  -2.526  0  -1.699  -0.001  0.001  0  -6.809  0  0  0 
vel 0.02  -13.688  -5.228  9.725  11.907  -2.626  5.64  1.361  2.863  -5.138  -9.665  -6.411  -2.36  -7.869  0  0  0  -8.896  0  0  0 
vel 0.02  -9.817  -6.222  9.833  14.289  -1.487  5.287  6.867  1.8  -4.816  -8.369  -5.705  -2.212  -7.174  0  0  0  -7.644  0  -0.001  0 
vel 0.02  -5.506  -5.859  6.884  7.559  -0.004  4.332  4.016  0.131  -5.629  -7.31  -4.612  -1.782  -6.07  0  0  0  -6.592  0  -0.001  0 
vel 0.02  -15.044  -3.308  13.587  15.27  14.806  3.254  3.273  -1.527  -6.493  -14.304  -3.638  -1.404  -8.366  0  0  0  -5.539  0.001  0  0 
vel 0.02  -7.722  -5.307  12.892  10.748  5.688  2.645  2.39  -4.287  -5.406  -12.748  -2.866  -1.104  -7.117  -0.001  0  0  -4.488  0.001  0  0 
vel 0.02  -6.168  -5.372  11.19  14.192  11.01  2.131  6.078  3.302  -4.924  -11.693  -2.251  -0.869  -6.066  -0.001  0.001  0  -3.548  0  0  0 
vel 0.02  -7.937  -2.036  10.872  13.421  4.619  1.705  -2.306  0.434  -3.973  -10.637  -1.77  -0.681  -5.018  0  0.001  -0.001  -1.735  0  0  0.001 
vel 0.02  -5.065  -4.687  12.87  15.062  5.462  1.356  6.569  4.3  -3.134  -9.583  -1.39  -0.534  -3.98  0  0  -0.001  -1.204  0  0  0.001 
vel 0.02  -8.892  -0.934  8.56  8.801  10.243  1.074  -5.038  -0.523  -2.464  -8.528  -1.091  -0.419  -3.133  0  0  0  -0.926  0  -0.001  0 
