4 14 
 
 ang 0.5 -0.0000	-12.2500	28.9300	-45.7900	30.6300	12.2600	-0.0000	-10.2500	32.3000	-68.6100	39.8000	10.2600	-17.4700	0.0090	20.0000	-0.0000	-44.5090	-40.0000	-20.0000	0.0000	
 ang 0.1 -0.0000	-12.2600	28.8500	-45.8800	30.8100	12.2600	-0.0000	-10.2500	20.5000	-115.5900	45.3100	10.2600	-17.4700	0.0090	20.0000	-0.0000	-44.5090	-40.0000	-20.0000	0.0000	
 ang 0.5 -27.3888	-10.2500	10.9490	0.6390	2.5690	10.2500	0.0000	-20.2500	-24.0400	-127.7447	-42.1698	10.2600	-20.2900	70.0000	20.0000	-0.0000	-79.1890	-10.0000	-20.0000	0.0000	
 ang 0.4 -27.3888	-10.2500	10.9490	0.6390	2.5690	10.2500	0.0000	-20.2500	-24.0400	-127.7447	-42.1698	10.2600	-20.2900	70.0000	20.0000	-0.0000	-79.1890	-10.0000	-20.0000	0.0000	
 
 vel 0.02 -0.7007	2.7085	-0.0219	0.0669	-0.0363	0.0008	3.5237	1.8292	-2.4149	2.6190	1.9054	0.0008	1.3654	0.0005	-0.0005	-0.0002	2.2670	-0.0005	0.0004	0.0002	
 vel 0.02 -1.8744	3.1956	-0.0173	0.0531	-0.0303	0.0008	0.2659	3.3444	-0.7806	2.9567	-8.1988	-0.0008	1.0982	0.0005	-0.0004	-0.0002	1.8238	-0.0005	0.0004	0.0002	
 vel 0.02 -0.3461	-0.9592	-0.0143	-7.1814	-2.4977	-0.0008	-2.5801	1.5168	6.4151	7.7120	-0.2223	-0.0007	-8.3356	-0.0011	-0.0004	-0.0002	-1.9907	-0.0005	0.0004	0.0002	
 vel 0.02 2.7395	-1.9976	-0.0114	-6.7388	-2.3388	-0.0007	2.2994	7.3226	7.9847	6.2749	-1.5873	-0.0007	-7.9465	-0.0010	-0.0004	-0.0002	-2.0850	0.0011	-0.0012	0.0002	
 vel 0.02 -1.4137	0.3164	-0.0083	-5.7638	-2.5263	-0.0007	6.1663	-1.3460	6.2502	0.0272	0.2814	0.0009	-6.8091	0.0006	-0.0004	-0.0002	-1.6993	0.0010	-0.0011	0.0002	
 vel 0.02 1.4050	-3.6536	-5.1385	-9.6657	-6.4116	2.3601	-11.4691	3.8395	11.3251	12.0898	-1.8336	-5.6400	-8.8966	0.0005	-0.0004	-0.0002	-7.8693	-0.0006	0.0005	0.0002	
 vel 0.02 7.4263	-1.4659	-4.8163	-8.3697	-5.7056	2.2125	-9.6270	6.4618	9.7296	14.1083	-2.4534	-5.2875	-7.6441	0.0005	0.0012	-0.0002	-7.1747	-0.0005	0.0004	0.0002	
 vel 0.02 5.3403	0.1267	-5.6292	-7.3109	-4.6129	1.7821	-4.3100	6.6217	7.2913	8.2396	-1.3767	-4.3323	-6.5929	0.0005	0.0011	-0.0002	-6.0709	-0.0005	0.0004	0.0002	
 vel 0.02 2.1933	1.7126	-6.4937	-14.3044	-3.6382	1.4042	-15.0379	5.6773	13.9929	13.8145	14.4318	-3.2544	-5.5398	-0.0011	-0.0005	-0.0002	-8.3666	-0.0005	0.0004	0.0002	
 vel 0.02 5.1640	3.2034	-5.4061	-12.7485	-2.8667	1.1047	-8.2851	6.3778	12.6855	10.5252	5.2323	-2.6455	-4.4884	-0.0010	-0.0004	-0.0002	-7.1171	0.0011	0.0004	0.0002	
 vel 0.02 3.7826	-2.2341	-4.9249	-11.6939	-2.2518	0.8690	-7.9786	6.4223	9.8589	13.8633	8.8482	-2.1312	-3.5489	0.0006	-0.0004	-0.0002	-6.0665	0.0010	-0.0012	0.0002	
 vel 0.02 -0.9259	-0.8149	-3.9734	-10.6378	-1.7703	0.6818	-7.9521	2.7256	12.2855	13.2142	2.9944	-1.7052	-1.7355	0.0005	-0.0004	0.0014	-5.0181	-0.0006	-0.0011	-0.0014	
 vel 0.02 5.6390	-3.7434	-3.1342	-9.5834	-1.3902	0.5345	-3.3047	4.3666	12.1713	13.8317	6.4105	-1.3564	-1.2048	0.0005	-0.0004	0.0013	-3.9808	-0.0005	0.0005	-0.0013	
 vel 0.02 -3.3956	-0.1754	-2.4641	-8.5289	-1.0912	0.4197	-9.8756	1.5847	9.1109	8.6804	10.1294	-1.0744	-0.9269	0.0005	0.0012	-0.0003	-3.1332	-0.0005	0.0004	0.0003	